4123 3 16
4104 1 4104 69122916865
4104 1 4103 69072400728
4104 1 4102 69021909209
4104 1 4101 68971442302
4104 1 4100 68921000001
4104 1 4099 68870582300
4104 1 4098 68820189193
4104 1 4097 68769820674
4104 1 4096 68719476737
4104 1 4095 68669157376
4104 1 4094 68618862585
4104 1 4093 68568592358
4104 1 4092 68518346689
4104 1 4091 68468125572
4104 1 4090 68417929001
4104 1 4089 68367756970
4104 1 4088 68317609473
4104 1 4087 68267486504
4104 1 4086 68217388057
4104 1 4085 68167314126
4104 1 4084 68117264705
4104 1 4083 68067239788
4104 1 4082 68017239369
4104 1 4081 67967263442
4104 1 4080 67917312001
4104 1 4079 67867385040
4104 1 4078 67817482553
4104 1 4077 67767604534
4104 1 4076 67717750977
4104 1 4075 67667921876
4104 1 4074 67618117225
4104 1 4073 67568337018
4104 1 4072 67518581249
4104 1 4071 67468849912
4104 1 4070 67419143001
4104 1 4069 67369460510
4104 1 4068 67319802433
4104 1 4067 67270168764
4104 1 4066 67220559497
4104 1 4065 67170974626
4104 1 4064 67121414145
4104 1 4063 67071878048
4104 1 4062 67022366329
4104 1 4061 66972878982
4104 1 4060 66923416001
4104 1 4059 66873977380
4104 1 4058 66824563113
4104 1 4057 66775173194
4104 1 4056 66725807617
4104 1 4055 66676466376
4104 1 4054 66627149465
4104 1 4053 66577856878
4104 1 4052 66528588609
4104 1 4051 66479344652
4104 1 4050 66430125001
4104 1 4049 66380929650
4104 1 4048 66331758593
4104 1 4047 66282611824
4104 1 4046 66233489337
4104 1 4045 66184391126
4104 1 4044 66135317185
4104 1 4043 66086267508
4104 1 4042 66037242089
4104 1 4041 65988240922
4104 1 4040 65939264001
4104 1 4039 65890311320
4104 1 4038 65841382873
4104 1 4037 65792478654
4104 1 4036 65743598657
4104 1 4035 65694742876
4104 1 4034 65645911305
4104 1 4033 65597103938
4104 1 4032 65548320769
4104 1 4031 65499561792
4104 1 4030 65450827001
4104 1 4029 65402116390
4104 1 4028 65353429953
4104 1 4027 65304767684
4104 1 4026 65256129577
4104 1 4025 65207515626
4104 1 4024 65158925825
4104 1 4023 65110360168
4104 1 4022 65061818649
4104 1 4021 65013301262
4104 1 4020 64964808001
4104 1 4019 64916338860
4104 1 4018 64867893833
4104 1 4017 64819472914
4104 1 4016 64771076097
4104 1 4015 64722703376
4104 1 4014 64674354745
4104 1 4013 64626030198
4104 1 4012 64577729729
4104 1 4011 64529453332
4104 1 4010 64481201001
4104 1 4009 64432972730
4104 1 4008 64384768513
4104 1 4007 64336588344
4104 1 4006 64288432217
4104 1 4005 64240300126
4104 1 4004 64192192065
4104 1 4003 64144108028
4104 1 4002 64096048009
4104 1 4001 64048012002
4104 1 4000 64000000001
4104 1 3999 63952012000
4104 1 3998 63904047993
4104 1 3997 63856107974
4104 1 3996 63808191937
4104 1 3995 63760299876
4104 1 3994 63712431785
4104 1 3993 63664587658
4104 1 3992 63616767489
4104 1 3991 63568971272
4104 1 3990 63521199001
4104 1 3989 63473450670
4104 1 3988 63425726273
4104 1 3987 63378025804
4104 1 3986 63330349257
4104 1 3985 63282696626
4104 1 3984 63235067905
4104 1 3983 63187463088
4104 1 3982 63139882169
4104 1 3981 63092325142
4104 1 3980 63044792001
4104 1 3979 62997282740
4104 1 3978 62949797353
4104 1 3977 62902335834
4104 1 3976 62854898177
4104 1 3975 62807484376
4104 1 3974 62760094425
4104 1 3973 62712728318
4104 1 3972 62665386049
4104 1 3971 62618067612
4104 1 3970 62570773001
4104 1 3969 62523502210
4104 1 3968 62476255233
4104 1 3967 62429032064
4104 1 3966 62381832697
4104 1 3965 62334657126
4104 1 3964 62287505345
4104 1 3963 62240377348
4104 1 3962 62193273129
4104 1 3961 62146192682
4104 1 3960 62099136001
4104 1 3959 62052103080
4104 1 3958 62005093913
4104 1 3957 61958108494
4104 1 3956 61911146817
4104 1 3955 61864208876
4104 1 3954 61817294665
4104 1 3953 61770404178
4104 1 3952 61723537409
4104 1 3951 61676694352
4104 1 3950 61629875001
4104 1 3949 61583079350
4104 1 3948 61536307393
4104 1 3947 61489559124
4104 1 3946 61442834537
4104 1 3945 61396133626
4104 1 3944 61349456385
4104 1 3943 61302802808
4104 1 3942 61256172889
4104 1 3941 61209566622
4104 1 3940 61162984001
4104 1 3939 61116425020
4104 1 3938 61069889673
4104 1 3937 61023377954
4104 1 3936 60976889857
4104 1 3935 60930425376
4104 1 3934 60883984505
4104 1 3933 60837567238
4104 1 3932 60791173569
4104 1 3931 60744803492
4104 1 3930 60698457001
4104 1 3929 60652134090
4104 1 3928 60605834753
4104 1 3927 60559558984
4104 1 3926 60513306777
4104 1 3925 60467078126
4104 1 3924 60420873025
4104 1 3923 60374691468
4104 1 3922 60328533449
4104 1 3921 60282398962
4104 1 3920 60236288001
4104 1 3919 60190200560
4104 1 3918 60144136633
4104 1 3917 60098096214
4104 1 3916 60052079297
4104 1 3915 60006085876
4104 1 3914 59960115945
4104 1 3913 59914169498
4104 1 3912 59868246529
4104 1 3911 59822347032
4104 1 3910 59776471001
4104 1 3909 59730618430
4104 1 3908 59684789313
4104 1 3907 59638983644
4104 1 3906 59593201417
4104 1 3905 59547442626
4104 1 3904 59501707265
4104 1 3903 59455995328
4104 1 3902 59410306809
4104 1 3901 59364641702
4104 1 3900 59319000001
4104 1 3899 59273381700
4104 1 3898 59227786793
4104 1 3897 59182215274
4104 1 3896 59136667137
4104 1 3895 59091142376
4104 1 3894 59045640985
4104 1 3893 59000162958
4104 1 3892 58954708289
4104 1 3891 58909276972
4104 1 3890 58863869001
4104 1 3889 58818484370
4104 1 3888 58773123073
4104 1 3887 58727785104
4104 1 3886 58682470457
4104 1 3885 58637179126
4104 1 3884 58591911105
4104 1 3883 58546666388
4104 1 3882 58501444969
4104 1 3881 58456246842
4104 1 3880 58411072001
4104 1 3879 58365920440
4104 1 3878 58320792153
4104 1 3877 58275687134
4104 1 3876 58230605377
4104 1 3875 58185546876
4104 1 3874 58140511625
4104 1 3873 58095499618
4104 1 3872 58050510849
4104 1 3871 58005545312
4104 1 3870 57960603001
4104 1 3869 57915683910
4104 1 3868 57870788033
4104 1 3867 57825915364
4104 1 3866 57781065897
4104 1 3865 57736239626
4104 1 3864 57691436545
4104 1 3863 57646656648
4104 1 3862 57601899929
4104 1 3861 57557166382
4104 1 3860 57512456001
4104 1 3859 57467768780
4104 1 3858 57423104713
4104 1 3857 57378463794
4104 1 3856 57333846017
4104 1 3855 57289251376
4104 1 3854 57244679865
4104 1 3853 57200131478
4104 1 3852 57155606209
4104 1 3851 57111104052
4104 1 3850 57066625001
4104 1 3849 57022169050
4104 1 3848 56977736193
4104 1 3847 56933326424
4104 1 3846 56888939737
4104 1 3845 56844576126
4104 1 3844 56800235585
4104 1 3843 56755918108
4104 1 3842 56711623689
4104 1 3841 56667352322
4104 1 3840 56623104001
4104 1 3839 56578878720
4104 1 3838 56534676473
4104 1 3837 56490497254
4104 1 3836 56446341057
4104 1 3835 56402207876
4104 1 3834 56358097705
4104 1 3833 56314010538
4104 1 3832 56269946369
4104 1 3831 56225905192
4104 1 3830 56181887001
4104 1 3829 56137891790
4104 1 3828 56093919553
4104 1 3827 56049970284
4104 1 3826 56006043977
4104 1 3825 55962140626
4104 1 3824 55918260225
4104 1 3823 55874402768
4104 1 3822 55830568249
4104 1 3821 55786756662
4104 1 3820 55742968001
4104 1 3819 55699202260
4104 1 3818 55655459433
4104 1 3817 55611739514
4104 1 3816 55568042497
4104 1 3815 55524368376
4104 1 3814 55480717145
4104 1 3813 55437088798
4104 1 3812 55393483329
4104 1 3811 55349900732
4104 1 3810 55306341001
4104 1 3809 55262804130
4104 1 3808 55219290113
4104 1 3807 55175798944
4104 1 3806 55132330617
4104 1 3805 55088885126
4104 1 3804 55045462465
4104 1 3803 55002062628
4104 1 3802 54958685609
4104 1 3801 54915331402
4104 1 3800 54872000001
4104 1 3799 54828691400
4104 1 3798 54785405593
4104 1 3797 54742142574
4104 1 3796 54698902337
4104 1 3795 54655684876
4104 1 3794 54612490185
4104 1 3793 54569318258
4104 1 3792 54526169089
4104 1 3791 54483042672
4104 1 3790 54439939001
4104 1 3789 54396858070
4104 1 3788 54353799873
4104 1 3787 54310764404
4104 1 3786 54267751657
4104 1 3785 54224761626
4104 1 3784 54181794305
4104 1 3783 54138849688
4104 1 3782 54095927769
4104 1 3781 54053028542
4104 1 3780 54010152001
4104 1 3779 53967298140
4104 1 3778 53924466953
4104 1 3777 53881658434
4104 1 3776 53838872577
4104 1 3775 53796109376
4104 1 3774 53753368825
4104 1 3773 53710650918
4104 1 3772 53667955649
4104 1 3771 53625283012
4104 1 3770 53582633001
4104 1 3769 53540005610
4104 1 3768 53497400833
4104 1 3767 53454818664
4104 1 3766 53412259097
4104 1 3765 53369722126
4104 1 3764 53327207745
4104 1 3763 53284715948
4104 1 3762 53242246729
4104 1 3761 53199800082
4104 1 3760 53157376001
4104 1 3759 53114974480
4104 1 3758 53072595513
4104 1 3757 53030239094
4104 1 3756 52987905217
4104 1 3755 52945593876
4104 1 3754 52903305065
4104 1 3753 52861038778
4104 1 3752 52818795009
4104 1 3751 52776573752
4104 1 3750 52734375001
4104 1 3749 52692198750
4104 1 3748 52650044993
4104 1 3747 52607913724
4104 1 3746 52565804937
4104 1 3745 52523718626
4104 1 3744 52481654785
4104 1 3743 52439613408
4104 1 3742 52397594489
4104 1 3741 52355598022
4104 1 3740 52313624001
4104 1 3739 52271672420
4104 1 3738 52229743273
4104 1 3737 52187836554
4104 1 3736 52145952257
4104 1 3735 52104090376
4104 1 3734 52062250905
4104 1 3733 52020433838
4104 1 3732 51978639169
4104 1 3731 51936866892
4104 1 3730 51895117001
4104 1 3729 51853389490
4104 1 3728 51811684353
4104 1 3727 51770001584
4104 1 3726 51728341177
4104 1 3725 51686703126
4104 1 3724 51645087425
4104 1 3723 51603494068
4104 1 3722 51561923049
4104 1 3721 51520374362
4104 1 3720 51478848001
4104 1 3719 51437343960
4104 1 3718 51395862233
4104 1 3717 51354402814
4104 1 3716 51312965697
4104 1 3715 51271550876
4104 1 3714 51230158345
4104 1 3713 51188788098
4104 1 3712 51147440129
4104 1 3711 51106114432
4104 1 3710 51064811001
4104 1 3709 51023529830
4104 1 3708 50982270913
4104 1 3707 50941034244
4104 1 3706 50899819817
4104 1 3705 50858627626
4104 1 3704 50817457665
4104 1 3703 50776309928
4104 1 3702 50735184409
4104 1 3701 50694081102
4104 1 3700 50653000001
4104 1 3699 50611941100
4104 1 3698 50570904393
4104 1 3697 50529889874
4104 1 3696 50488897537
4104 1 3695 50447927376
4104 1 3694 50406979385
4104 1 3693 50366053558
4104 1 3692 50325149889
4104 1 3691 50284268372
4104 1 3690 50243409001
4104 1 3689 50202571770
4104 1 3688 50161756673
4104 1 3687 50120963704
4104 1 3686 50080192857
4104 1 3685 50039444126
4104 1 3684 49998717505
4104 1 3683 49958012988
4104 1 3682 49917330569
4104 1 3681 49876670242
4104 1 3680 49836032001
4104 1 3679 49795415840
4104 1 3678 49754821753
4104 1 3677 49714249734
4104 1 3676 49673699777
4104 1 3675 49633171876
4104 1 3674 49592666025
4104 1 3673 49552182218
4104 1 3672 49511720449
4104 1 3671 49471280712
4104 1 3670 49430863001
4104 1 3669 49390467310
4104 1 3668 49350093633
4104 1 3667 49309741964
4104 1 3666 49269412297
4104 1 3665 49229104626
4104 1 3664 49188818945
4104 1 3663 49148555248
4104 1 3662 49108313529
4104 1 3661 49068093782
4104 1 3660 49027896001
4104 1 3659 48987720180
4104 1 3658 48947566313
4104 1 3657 48907434394
4104 1 3656 48867324417
4104 1 3655 48827236376
4104 1 3654 48787170265
4104 1 3653 48747126078
4104 1 3652 48707103809
4104 1 3651 48667103452
4104 1 3650 48627125001
4104 1 3649 48587168450
4104 1 3648 48547233793
4104 1 3647 48507321024
4104 1 3646 48467430137
4104 1 3645 48427561126
4104 1 3644 48387713985
4104 1 3643 48347888708
4104 1 3642 48308085289
4104 1 3641 48268303722
4104 1 3640 48228544001
4104 1 3639 48188806120
4104 1 3638 48149090073
4104 1 3637 48109395854
4104 1 3636 48069723457
4104 1 3635 48030072876
4104 1 3634 47990444105
4104 1 3633 47950837138
4104 1 3632 47911251969
4104 1 3631 47871688592
4104 1 3630 47832147001
4104 1 3629 47792627190
4104 1 3628 47753129153
4104 1 3627 47713652884
4104 1 3626 47674198377
4104 1 3625 47634765626
4104 1 3624 47595354625
4104 1 3623 47555965368
4104 1 3622 47516597849
4104 1 3621 47477252062
4104 1 3620 47437928001
4104 1 3619 47398625660
4104 1 3618 47359345033
4104 1 3617 47320086114
4104 1 3616 47280848897
4104 1 3615 47241633376
4104 1 3614 47202439545
4104 1 3613 47163267398
4104 1 3612 47124116929
4104 1 3611 47084988132
4104 1 3610 47045881001
4104 1 3609 47006795530
4104 1 3608 46967731713
4104 1 3607 46928689544
4104 1 3606 46889669017
4104 1 3605 46850670126
4104 1 3604 46811692865
4104 1 3603 46772737228
4104 1 3602 46733803209
4104 1 3601 46694890802
4104 1 3600 46656000001
4104 1 3599 46617130800
4104 1 3598 46578283193
4104 1 3597 46539457174
4104 1 3596 46500652737
4104 1 3595 46461869876
4104 1 3594 46423108585
4104 1 3593 46384368858
4104 1 3592 46345650689
4104 1 3591 46306954072
4104 1 3590 46268279001
4104 1 3589 46229625470
4104 1 3588 46190993473
4104 1 3587 46152383004
4104 1 3586 46113794057
4104 1 3585 46075226626
4104 1 3584 46036680705
4104 1 3583 45998156288
4104 1 3582 45959653369
4104 1 3581 45921171942
4104 1 3580 45882712001
4104 1 3579 45844273540
4104 1 3578 45805856553
4104 1 3577 45767461034
4104 1 3576 45729086977
4104 1 3575 45690734376
4104 1 3574 45652403225
4104 1 3573 45614093518
4104 1 3572 45575805249
4104 1 3571 45537538412
4104 1 3570 45499293001
4104 1 3569 45461069010
4104 1 3568 45422866433
4104 1 3567 45384685264
4104 1 3566 45346525497
4104 1 3565 45308387126
4104 1 3564 45270270145
4104 1 3563 45232174548
4104 1 3562 45194100329
4104 1 3561 45156047482
4104 1 3560 45118016001
4104 1 3559 45080005880
4104 1 3558 45042017113
4104 1 3557 45004049694
4104 1 3556 44966103617
4104 1 3555 44928178876
4104 1 3554 44890275465
4104 1 3553 44852393378
4104 1 3552 44814532609
4104 1 3551 44776693152
4104 1 3550 44738875001
4104 1 3549 44701078150
4104 1 3548 44663302593
4104 1 3547 44625548324
4104 1 3546 44587815337
4104 1 3545 44550103626
4104 1 3544 44512413185
4104 1 3543 44474744008
4104 1 3542 44437096089
4104 1 3541 44399469422
4104 1 3540 44361864001
4104 1 3539 44324279820
4104 1 3538 44286716873
4104 1 3537 44249175154
4104 1 3536 44211654657
4104 1 3535 44174155376
4104 1 3534 44136677305
4104 1 3533 44099220438
4104 1 3532 44061784769
4104 1 3531 44024370292
4104 1 3530 43986977001
4104 1 3529 43949604890
4104 1 3528 43912253953
4104 1 3527 43874924184
4104 1 3526 43837615577
4104 1 3525 43800328126
4104 1 3524 43763061825
4104 1 3523 43725816668
4104 1 3522 43688592649
4104 1 3521 43651389762
4104 1 3520 43614208001
4104 1 3519 43577047360
4104 1 3518 43539907833
4104 1 3517 43502789414
4104 1 3516 43465692097
4104 1 3515 43428615876
4104 1 3514 43391560745
4104 1 3513 43354526698
4104 1 3512 43317513729
4104 1 3511 43280521832
4104 1 3510 43243551001
4104 1 3509 43206601230
4104 1 3508 43169672513
4104 1 3507 43132764844
4104 1 3506 43095878217
4104 1 3505 43059012626
4104 1 3504 43022168065
4104 1 3503 42985344528
4104 1 3502 42948542009
4104 1 3501 42911760502
4104 1 3500 42875000001
4104 1 3499 42838260500
4104 1 3498 42801541993
4104 1 3497 42764844474
4104 1 3496 42728167937
4104 1 3495 42691512376
4104 1 3494 42654877785
4104 1 3493 42618264158
4104 1 3492 42581671489
4104 1 3491 42545099772
4104 1 3490 42508549001
4104 1 3489 42472019170
4104 1 3488 42435510273
4104 1 3487 42399022304
4104 1 3486 42362555257
4104 1 3485 42326109126
4104 1 3484 42289683905
4104 1 3483 42253279588
4104 1 3482 42216896169
4104 1 3481 42180533642
4104 1 3480 42144192001
4104 1 3479 42107871240
4104 1 3478 42071571353
4104 1 3477 42035292334
4104 1 3476 41999034177
4104 1 3475 41962796876
4104 1 3474 41926580425
4104 1 3473 41890384818
4104 1 3472 41854210049
4104 1 3471 41818056112
4104 1 3470 41781923001
4104 1 3469 41745810710
4104 1 3468 41709719233
4104 1 3467 41673648564
4104 1 3466 41637598697
4104 1 3465 41601569626
4104 1 3464 41565561345
4104 1 3463 41529573848
4104 1 3462 41493607129
4104 1 3461 41457661182
4104 1 3460 41421736001
4104 1 3459 41385831580
4104 1 3458 41349947913
4104 1 3457 41314084994
4104 1 3456 41278242817
4104 1 3455 41242421376
4104 1 3454 41206620665
4104 1 3453 41170840678
4104 1 3452 41135081409
4104 1 3451 41099342852
4104 1 3450 41063625001
4104 1 3449 41027927850
4104 1 3448 40992251393
4104 1 3447 40956595624
4104 1 3446 40920960537
4104 1 3445 40885346126
4104 1 3444 40849752385
4104 1 3443 40814179308
4104 1 3442 40778626889
4104 1 3441 40743095122
4104 1 3440 40707584001
4104 1 3439 40672093520
4104 1 3438 40636623673
4104 1 3437 40601174454
4104 1 3436 40565745857
4104 1 3435 40530337876
4104 1 3434 40494950505
4104 1 3433 40459583738
4104 1 3432 40424237569
4104 1 3431 40388911992
4104 1 3430 40353607001
4104 1 3429 40318322590
4104 1 3428 40283058753
4104 1 3427 40247815484
4104 1 3426 40212592777
4104 1 3425 40177390626
4104 1 3424 40142209025
4104 1 3423 40107047968
4104 1 3422 40071907449
4104 1 3421 40036787462
4104 1 3420 40001688001
4104 1 3419 39966609060
4104 1 3418 39931550633
4104 1 3417 39896512714
4104 1 3416 39861495297
4104 1 3415 39826498376
4104 1 3414 39791521945
4104 1 3413 39756565998
4104 1 3412 39721630529
4104 1 3411 39686715532
4104 1 3410 39651821001
4104 1 3409 39616946930
4104 1 3408 39582093313
4104 1 3407 39547260144
4104 1 3406 39512447417
4104 1 3405 39477655126
4104 1 3404 39442883265
4104 1 3403 39408131828
4104 1 3402 39373400809
4104 1 3401 39338690202
4104 1 3400 39304000001
4104 1 3399 39269330200
4104 1 3398 39234680793
4104 1 3397 39200051774
4104 1 3396 39165443137
4104 1 3395 39130854876
4104 1 3394 39096286985
4104 1 3393 39061739458
4104 1 3392 39027212289
4104 1 3391 38992705472
4104 1 3390 38958219001
4104 1 3389 38923752870
4104 1 3388 38889307073
4104 1 3387 38854881604
4104 1 3386 38820476457
4104 1 3385 38786091626
4104 1 3384 38751727105
4104 1 3383 38717382888
4104 1 3382 38683058969
4104 1 3381 38648755342
4104 1 3380 38614472001
4104 1 3379 38580208940
4104 1 3378 38545966153
4104 1 3377 38511743634
4104 1 3376 38477541377
4104 1 3375 38443359376
4104 1 3374 38409197625
4104 1 3373 38375056118
4104 1 3372 38340934849
4104 1 3371 38306833812
4104 1 3370 38272753001
4104 1 3369 38238692410
4104 1 3368 38204652033
4104 1 3367 38170631864
4104 1 3366 38136631897
4104 1 3365 38102652126
4104 1 3364 38068692545
4104 1 3363 38034753148
4104 1 3362 38000833929
4104 1 3361 37966934882
4104 1 3360 37933056001
4104 1 3359 37899197280
4104 1 3358 37865358713
4104 1 3357 37831540294
4104 1 3356 37797742017
4104 1 3355 37763963876
4104 1 3354 37730205865
4104 1 3353 37696467978
4104 1 3352 37662750209
4104 1 3351 37629052552
4104 1 3350 37595375001
4104 1 3349 37561717550
4104 1 3348 37528080193
4104 1 3347 37494462924
4104 1 3346 37460865737
4104 1 3345 37427288626
4104 1 3344 37393731585
4104 1 3343 37360194608
4104 1 3342 37326677689
4104 1 3341 37293180822
4104 1 3340 37259704001
4104 1 3339 37226247220
4104 1 3338 37192810473
4104 1 3337 37159393754
4104 1 3336 37125997057
4104 1 3335 37092620376
4104 1 3334 37059263705
4104 1 3333 37025927038
4104 1 3332 36992610369
4104 1 3331 36959313692
4104 1 3330 36926037001
4104 1 3329 36892780290
4104 1 3328 36859543553
4104 1 3327 36826326784
4104 1 3326 36793129977
4104 1 3325 36759953126
4104 1 3324 36726796225
4104 1 3323 36693659268
4104 1 3322 36660542249
4104 1 3321 36627445162
4104 1 3320 36594368001
4104 1 3319 36561310760
4104 1 3318 36528273433
4104 1 3317 36495256014
4104 1 3316 36462258497
4104 1 3315 36429280876
4104 1 3314 36396323145
4104 1 3313 36363385298
4104 1 3312 36330467329
4104 1 3311 36297569232
4104 1 3310 36264691001
4104 1 3309 36231832630
4104 1 3308 36198994113
4104 1 3307 36166175444
4104 1 3306 36133376617
4104 1 3305 36100597626
4104 1 3304 36067838465
4104 1 3303 36035099128
4104 1 3302 36002379609
4104 1 3301 35969679902
4104 1 3300 35937000001
4104 1 3299 35904339900
4104 1 3298 35871699593
4104 1 3297 35839079074
4104 1 3296 35806478337
4104 1 3295 35773897376
4104 1 3294 35741336185
4104 1 3293 35708794758
4104 1 3292 35676273089
4104 1 3291 35643771172
4104 1 3290 35611289001
4104 1 3289 35578826570
4104 1 3288 35546383873
4104 1 3287 35513960904
4104 1 3286 35481557657
4104 1 3285 35449174126
4104 1 3284 35416810305
4104 1 3283 35384466188
4104 1 3282 35352141769
4104 1 3281 35319837042
4104 1 3280 35287552001
4104 1 3279 35255286640
4104 1 3278 35223040953
4104 1 3277 35190814934
4104 1 3276 35158608577
4104 1 3275 35126421876
4104 1 3274 35094254825
4104 1 3273 35062107418
4104 1 3272 35029979649
4104 1 3271 34997871512
4104 1 3270 34965783001
4104 1 3269 34933714110
4104 1 3268 34901664833
4104 1 3267 34869635164
4104 1 3266 34837625097
4104 1 3265 34805634626
4104 1 3264 34773663745
4104 1 3263 34741712448
4104 1 3262 34709780729
4104 1 3261 34677868582
4104 1 3260 34645976001
4104 1 3259 34614102980
4104 1 3258 34582249513
4104 1 3257 34550415594
4104 1 3256 34518601217
4104 1 3255 34486806376
4104 1 3254 34455031065
4104 1 3253 34423275278
4104 1 3252 34391539009
4104 1 3251 34359822252
4104 1 3250 34328125001
4104 1 3249 34296447250
4104 1 3248 34264788993
4104 1 3247 34233150224
4104 1 3246 34201530937
4104 1 3245 34169931126
4104 1 3244 34138350785
4104 1 3243 34106789908
4104 1 3242 34075248489
4104 1 3241 34043726522
4104 1 3240 34012224001
4104 1 3239 33980740920
4104 1 3238 33949277273
4104 1 3237 33917833054
4104 1 3236 33886408257
4104 1 3235 33855002876
4104 1 3234 33823616905
4104 1 3233 33792250338
4104 1 3232 33760903169
4104 1 3231 33729575392
4104 1 3230 33698267001
4104 1 3229 33666977990
4104 1 3228 33635708353
4104 1 3227 33604458084
4104 1 3226 33573227177
4104 1 3225 33542015626
4104 1 3224 33510823425
4104 1 3223 33479650568
4104 1 3222 33448497049
4104 1 3221 33417362862
4104 1 3220 33386248001
4104 1 3219 33355152460
4104 1 3218 33324076233
4104 1 3217 33293019314
4104 1 3216 33261981697
4104 1 3215 33230963376
4104 1 3214 33199964345
4104 1 3213 33168984598
4104 1 3212 33138024129
4104 1 3211 33107082932
4104 1 3210 33076161001
4104 1 3209 33045258330
4104 1 3208 33014374913
4104 1 3207 32983510744
4104 1 3206 32952665817
4104 1 3205 32921840126
4104 1 3204 32891033665
4104 1 3203 32860246428
4104 1 3202 32829478409
4104 1 3201 32798729602
4104 1 3200 32768000001
4104 1 3199 32737289600
4104 1 3198 32706598393
4104 1 3197 32675926374
4104 1 3196 32645273537
4104 1 3195 32614639876
4104 1 3194 32584025385
4104 1 3193 32553430058
4104 1 3192 32522853889
4104 1 3191 32492296872
4104 1 3190 32461759001
4104 1 3189 32431240270
4104 1 3188 32400740673
4104 1 3187 32370260204
4104 1 3186 32339798857
4104 1 3185 32309356626
4104 1 3184 32278933505
4104 1 3183 32248529488
4104 1 3182 32218144569
4104 1 3181 32187778742
4104 1 3180 32157432001
4104 1 3179 32127104340
4104 1 3178 32096795753
4104 1 3177 32066506234
4104 1 3176 32036235777
4104 1 3175 32005984376
4104 1 3174 31975752025
4104 1 3173 31945538718
4104 1 3172 31915344449
4104 1 3171 31885169212
4104 1 3170 31855013001
4104 1 3169 31824875810
4104 1 3168 31794757633
4104 1 3167 31764658464
4104 1 3166 31734578297
4104 1 3165 31704517126
4104 1 3164 31674474945
4104 1 3163 31644451748
4104 1 3162 31614447529
4104 1 3161 31584462282
4104 1 3160 31554496001
4104 1 3159 31524548680
4104 1 3158 31494620313
4104 1 3157 31464710894
4104 1 3156 31434820417
4104 1 3155 31404948876
4104 1 3154 31375096265
4104 1 3153 31345262578
4104 1 3152 31315447809
4104 1 3151 31285651952
4104 1 3150 31255875001
4104 1 3149 31226116950
4104 1 3148 31196377793
4104 1 3147 31166657524
4104 1 3146 31136956137
4104 1 3145 31107273626
4104 1 3144 31077609985
4104 1 3143 31047965208
4104 1 3142 31018339289
4104 1 3141 30988732222
4104 1 3140 30959144001
4104 1 3139 30929574620
4104 1 3138 30900024073
4104 1 3137 30870492354
4104 1 3136 30840979457
4104 1 3135 30811485376
4104 1 3134 30782010105
4104 1 3133 30752553638
4104 1 3132 30723115969
4104 1 3131 30693697092
4104 1 3130 30664297001
4104 1 3129 30634915690
4104 1 3128 30605553153
4104 1 3127 30576209384
4104 1 3126 30546884377
4104 1 3125 30517578126
4104 1 3124 30488290625
4104 1 3123 30459021868
4104 1 3122 30429771849
4104 1 3121 30400540562
4104 1 3120 30371328001
4104 1 3119 30342134160
4104 1 3118 30312959033
4104 1 3117 30283802614
4104 1 3116 30254664897
4104 1 3115 30225545876
4104 1 3114 30196445545
4104 1 3113 30167363898
4104 1 3112 30138300929
4104 1 3111 30109256632
4104 1 3110 30080231001
4104 1 3109 30051224030
4104 1 3108 30022235713
4104 1 3107 29993266044
4104 1 3106 29964315017
4104 1 3105 29935382626
4104 1 3104 29906468865
4104 1 3103 29877573728
4104 1 3102 29848697209
4104 1 3101 29819839302
4104 1 3100 29791000001
4104 1 3099 29762179300
4104 1 3098 29733377193
4104 1 3097 29704593674
4104 1 3096 29675828737
4104 1 3095 29647082376
4104 1 3094 29618354585
4104 1 3093 29589645358
4104 1 3092 29560954689
4104 1 3091 29532282572
4104 1 3090 29503629001
4104 1 3089 29474993970
4104 1 3088 29446377473
4104 1 3087 29417779504
4104 1 3086 29389200057
4104 1 3085 29360639126
4104 1 3084 29332096705
4104 1 3083 29303572788
4104 1 3082 29275067369
4104 1 3081 29246580442
4104 1 3080 29218112001
4104 1 3079 29189662040
4104 1 3078 29161230553
4104 1 3077 29132817534
4104 1 3076 29104422977
4104 1 3075 29076046876
4104 1 3074 29047689225
4104 1 3073 29019350018
4104 1 3072 28991029249
4104 1 3071 28962726912
4104 1 3070 28934443001
4104 1 3069 28906177510
4104 1 3068 28877930433
4104 1 3067 28849701764
4104 1 3066 28821491497
4104 1 3065 28793299626
4104 1 3064 28765126145
4104 1 3063 28736971048
4104 1 3062 28708834329
4104 1 3061 28680715982
4104 1 3060 28652616001
4104 1 3059 28624534380
4104 1 3058 28596471113
4104 1 3057 28568426194
4104 1 3056 28540399617
4104 1 3055 28512391376
4104 1 3054 28484401465
4104 1 3053 28456429878
4104 1 3052 28428476609
4104 1 3051 28400541652
4104 1 3050 28372625001
4104 1 3049 28344726650
4104 1 3048 28316846593
4104 1 3047 28288984824
4104 1 3046 28261141337
4104 1 3045 28233316126
4104 1 3044 28205509185
4104 1 3043 28177720508
4104 1 3042 28149950089
4104 1 3041 28122197922
4104 1 3040 28094464001
4104 1 3039 28066748320
4104 1 3038 28039050873
4104 1 3037 28011371654
4104 1 3036 27983710657
4104 1 3035 27956067876
4104 1 3034 27928443305
4104 1 3033 27900836938
4104 1 3032 27873248769
4104 1 3031 27845678792
4104 1 3030 27818127001
4104 1 3029 27790593390
4104 1 3028 27763077953
4104 1 3027 27735580684
4104 1 3026 27708101577
4104 1 3025 27680640626
4104 1 3024 27653197825
4104 1 3023 27625773168
4104 1 3022 27598366649
4104 1 3021 27570978262
4104 1 3020 27543608001
4104 1 3019 27516255860
4104 1 3018 27488921833
4104 1 3017 27461605914
4104 1 3016 27434308097
4104 1 3015 27407028376
4104 1 3014 27379766745
4104 1 3013 27352523198
4104 1 3012 27325297729
4104 1 3011 27298090332
4104 1 3010 27270901001
4104 1 3009 27243729730
4104 1 3008 27216576513
4104 1 3007 27189441344
4104 1 3006 27162324217
4104 1 3005 27135225126
4104 1 3004 27108144065
4104 1 3003 27081081028
4104 1 3002 27054036009
4104 1 3001 27027009002
4104 1 3000 27000000001
4104 1 2999 26973009000
4104 1 2998 26946035993
4104 1 2997 26919080974
4104 1 2996 26892143937
4104 1 2995 26865224876
4104 1 2994 26838323785
4104 1 2993 26811440658
4104 1 2992 26784575489
4104 1 2991 26757728272
4104 1 2990 26730899001
4104 1 2989 26704087670
4104 1 2988 26677294273
4104 1 2987 26650518804
4104 1 2986 26623761257
4104 1 2985 26597021626
4104 1 2984 26570299905
4104 1 2983 26543596088
4104 1 2982 26516910169
4104 1 2981 26490242142
4104 1 2980 26463592001
4104 1 2979 26436959740
4104 1 2978 26410345353
4104 1 2977 26383748834
4104 1 2976 26357170177
4104 1 2975 26330609376
4104 1 2974 26304066425
4104 1 2973 26277541318
4104 1 2972 26251034049
4104 1 2971 26224544612
4104 1 2970 26198073001
4104 1 2969 26171619210
4104 1 2968 26145183233
4104 1 2967 26118765064
4104 1 2966 26092364697
4104 1 2965 26065982126
4104 1 2964 26039617345
4104 1 2963 26013270348
4104 1 2962 25986941129
4104 1 2961 25960629682
4104 1 2960 25934336001
4104 1 2959 25908060080
4104 1 2958 25881801913
4104 1 2957 25855561494
4104 1 2956 25829338817
4104 1 2955 25803133876
4104 1 2954 25776946665
4104 1 2953 25750777178
4104 1 2952 25724625409
4104 1 2951 25698491352
4104 1 2950 25672375001
4104 1 2949 25646276350
4104 1 2948 25620195393
4104 1 2947 25594132124
4104 1 2946 25568086537
4104 1 2945 25542058626
4104 1 2944 25516048385
4104 1 2943 25490055808
4104 1 2942 25464080889
4104 1 2941 25438123622
4104 1 2940 25412184001
4104 1 2939 25386262020
4104 1 2938 25360357673
4104 1 2937 25334470954
4104 1 2936 25308601857
4104 1 2935 25282750376
4104 1 2934 25256916505
4104 1 2933 25231100238
4104 1 2932 25205301569
4104 1 2931 25179520492
4104 1 2930 25153757001
4104 1 2929 25128011090
4104 1 2928 25102282753
4104 1 2927 25076571984
4104 1 2926 25050878777
4104 1 2925 25025203126
4104 1 2924 24999545025
4104 1 2923 24973904468
4104 1 2922 24948281449
4104 1 2921 24922675962
4104 1 2920 24897088001
4104 1 2919 24871517560
4104 1 2918 24845964633
4104 1 2917 24820429214
4104 1 2916 24794911297
4104 1 2915 24769410876
4104 1 2914 24743927945
4104 1 2913 24718462498
4104 1 2912 24693014529
4104 1 2911 24667584032
4104 1 2910 24642171001
4104 1 2909 24616775430
4104 1 2908 24591397313
4104 1 2907 24566036644
4104 1 2906 24540693417
4104 1 2905 24515367626
4104 1 2904 24490059265
4104 1 2903 24464768328
4104 1 2902 24439494809
4104 1 2901 24414238702
4104 1 2900 24389000001
4104 1 2899 24363778700
4104 1 2898 24338574793
4104 1 2897 24313388274
4104 1 2896 24288219137
4104 1 2895 24263067376
4104 1 2894 24237932985
4104 1 2893 24212815958
4104 1 2892 24187716289
4104 1 2891 24162633972
4104 1 2890 24137569001
4104 1 2889 24112521370
4104 1 2888 24087491073
4104 1 2887 24062478104
4104 1 2886 24037482457
4104 1 2885 24012504126
4104 1 2884 23987543105
4104 1 2883 23962599388
4104 1 2882 23937672969
4104 1 2881 23912763842
4104 1 2880 23887872001
4104 1 2879 23862997440
4104 1 2878 23838140153
4104 1 2877 23813300134
4104 1 2876 23788477377
4104 1 2875 23763671876
4104 1 2874 23738883625
4104 1 2873 23714112618
4104 1 2872 23689358849
4104 1 2871 23664622312
4104 1 2870 23639903001
4104 1 2869 23615200910
4104 1 2868 23590516033
4104 1 2867 23565848364
4104 1 2866 23541197897
4104 1 2865 23516564626
4104 1 2864 23491948545
4104 1 2863 23467349648
4104 1 2862 23442767929
4104 1 2861 23418203382
4104 1 2860 23393656001
4104 1 2859 23369125780
4104 1 2858 23344612713
4104 1 2857 23320116794
4104 1 2856 23295638017
4104 1 2855 23271176376
4104 1 2854 23246731865
4104 1 2853 23222304478
4104 1 2852 23197894209
4104 1 2851 23173501052
4104 1 2850 23149125001
4104 1 2849 23124766050
4104 1 2848 23100424193
4104 1 2847 23076099424
4104 1 2846 23051791737
4104 1 2845 23027501126
4104 1 2844 23003227585
4104 1 2843 22978971108
4104 1 2842 22954731689
4104 1 2841 22930509322
4104 1 2840 22906304001
4104 1 2839 22882115720
4104 1 2838 22857944473
4104 1 2837 22833790254
4104 1 2836 22809653057
4104 1 2835 22785532876
4104 1 2834 22761429705
4104 1 2833 22737343538
4104 1 2832 22713274369
4104 1 2831 22689222192
4104 1 2830 22665187001
4104 1 2829 22641168790
4104 1 2828 22617167553
4104 1 2827 22593183284
4104 1 2826 22569215977
4104 1 2825 22545265626
4104 1 2824 22521332225
4104 1 2823 22497415768
4104 1 2822 22473516249
4104 1 2821 22449633662
4104 1 2820 22425768001
4104 1 2819 22401919260
4104 1 2818 22378087433
4104 1 2817 22354272514
4104 1 2816 22330474497
4104 1 2815 22306693376
4104 1 2814 22282929145
4104 1 2813 22259181798
4104 1 2812 22235451329
4104 1 2811 22211737732
4104 1 2810 22188041001
4104 1 2809 22164361130
4104 1 2808 22140698113
4104 1 2807 22117051944
4104 1 2806 22093422617
4104 1 2805 22069810126
4104 1 2804 22046214465
4104 1 2803 22022635628
4104 1 2802 21999073609
4104 1 2801 21975528402
4104 1 2800 21952000001
4104 1 2799 21928488400
4104 1 2798 21904993593
4104 1 2797 21881515574
4104 1 2796 21858054337
4104 1 2795 21834609876
4104 1 2794 21811182185
4104 1 2793 21787771258
4104 1 2792 21764377089
4104 1 2791 21740999672
4104 1 2790 21717639001
4104 1 2789 21694295070
4104 1 2788 21670967873
4104 1 2787 21647657404
4104 1 2786 21624363657
4104 1 2785 21601086626
4104 1 2784 21577826305
4104 1 2783 21554582688
4104 1 2782 21531355769
4104 1 2781 21508145542
4104 1 2780 21484952001
4104 1 2779 21461775140
4104 1 2778 21438614953
4104 1 2777 21415471434
4104 1 2776 21392344577
4104 1 2775 21369234376
4104 1 2774 21346140825
4104 1 2773 21323063918
4104 1 2772 21300003649
4104 1 2771 21276960012
4104 1 2770 21253933001
4104 1 2769 21230922610
4104 1 2768 21207928833
4104 1 2767 21184951664
4104 1 2766 21161991097
4104 1 2765 21139047126
4104 1 2764 21116119745
4104 1 2763 21093208948
4104 1 2762 21070314729
4104 1 2761 21047437082
4104 1 2760 21024576001
4104 1 2759 21001731480
4104 1 2758 20978903513
4104 1 2757 20956092094
4104 1 2756 20933297217
4104 1 2755 20910518876
4104 1 2754 20887757065
4104 1 2753 20865011778
4104 1 2752 20842283009
4104 1 2751 20819570752
4104 1 2750 20796875001
4104 1 2749 20774195750
4104 1 2748 20751532993
4104 1 2747 20728886724
4104 1 2746 20706256937
4104 1 2745 20683643626
4104 1 2744 20661046785
4104 1 2743 20638466408
4104 1 2742 20615902489
4104 1 2741 20593355022
4104 1 2740 20570824001
4104 1 2739 20548309420
4104 1 2738 20525811273
4104 1 2737 20503329554
4104 1 2736 20480864257
4104 1 2735 20458415376
4104 1 2734 20435982905
4104 1 2733 20413566838
4104 1 2732 20391167169
4104 1 2731 20368783892
4104 1 2730 20346417001
4104 1 2729 20324066490
4104 1 2728 20301732353
4104 1 2727 20279414584
4104 1 2726 20257113177
4104 1 2725 20234828126
4104 1 2724 20212559425
4104 1 2723 20190307068
4104 1 2722 20168071049
4104 1 2721 20145851362
4104 1 2720 20123648001
4104 1 2719 20101460960
4104 1 2718 20079290233
4104 1 2717 20057135814
4104 1 2716 20034997697
4104 1 2715 20012875876
4104 1 2714 19990770345
4104 1 2713 19968681098
4104 1 2712 19946608129
4104 1 2711 19924551432
4104 1 2710 19902511001
4104 1 2709 19880486830
4104 1 2708 19858478913
4104 1 2707 19836487244
4104 1 2706 19814511817
4104 1 2705 19792552626
4104 1 2704 19770609665
4104 1 2703 19748682928
4104 1 2702 19726772409
4104 1 2701 19704878102
4104 1 2700 19683000001
4104 1 2699 19661138100
4104 1 2698 19639292393
4104 1 2697 19617462874
4104 1 2696 19595649537
4104 1 2695 19573852376
4104 1 2694 19552071385
4104 1 2693 19530306558
4104 1 2692 19508557889
4104 1 2691 19486825372
4104 1 2690 19465109001
4104 1 2689 19443408770
4104 1 2688 19421724673
4104 1 2687 19400056704
4104 1 2686 19378404857
4104 1 2685 19356769126
4104 1 2684 19335149505
4104 1 2683 19313545988
4104 1 2682 19291958569
4104 1 2681 19270387242
4104 1 2680 19248832001
4104 1 2679 19227292840
4104 1 2678 19205769753
4104 1 2677 19184262734
4104 1 2676 19162771777
4104 1 2675 19141296876
4104 1 2674 19119838025
4104 1 2673 19098395218
4104 1 2672 19076968449
4104 1 2671 19055557712
4104 1 2670 19034163001
4104 1 2669 19012784310
4104 1 2668 18991421633
4104 1 2667 18970074964
4104 1 2666 18948744297
4104 1 2665 18927429626
4104 1 2664 18906130945
4104 1 2663 18884848248
4104 1 2662 18863581529
4104 1 2661 18842330782
4104 1 2660 18821096001
4104 1 2659 18799877180
4104 1 2658 18778674313
4104 1 2657 18757487394
4104 1 2656 18736316417
4104 1 2655 18715161376
4104 1 2654 18694022265
4104 1 2653 18672899078
4104 1 2652 18651791809
4104 1 2651 18630700452
4104 1 2650 18609625001
4104 1 2649 18588565450
4104 1 2648 18567521793
4104 1 2647 18546494024
4104 1 2646 18525482137
4104 1 2645 18504486126
4104 1 2644 18483505985
4104 1 2643 18462541708
4104 1 2642 18441593289
4104 1 2641 18420660722
4104 1 2640 18399744001
4104 1 2639 18378843120
4104 1 2638 18357958073
4104 1 2637 18337088854
4104 1 2636 18316235457
4104 1 2635 18295397876
4104 1 2634 18274576105
4104 1 2633 18253770138
4104 1 2632 18232979969
4104 1 2631 18212205592
4104 1 2630 18191447001
4104 1 2629 18170704190
4104 1 2628 18149977153
4104 1 2627 18129265884
4104 1 2626 18108570377
4104 1 2625 18087890626
4104 1 2624 18067226625
4104 1 2623 18046578368
4104 1 2622 18025945849
4104 1 2621 18005329062
4104 1 2620 17984728001
4104 1 2619 17964142660
4104 1 2618 17943573033
4104 1 2617 17923019114
4104 1 2616 17902480897
4104 1 2615 17881958376
4104 1 2614 17861451545
4104 1 2613 17840960398
4104 1 2612 17820484929
4104 1 2611 17800025132
4104 1 2610 17779581001
4104 1 2609 17759152530
4104 1 2608 17738739713
4104 1 2607 17718342544
4104 1 2606 17697961017
4104 1 2605 17677595126
4104 1 2604 17657244865
4104 1 2603 17636910228
4104 1 2602 17616591209
4104 1 2601 17596287802
4104 1 2600 17576000001
4104 1 2599 17555727800
4104 1 2598 17535471193
4104 1 2597 17515230174
4104 1 2596 17495004737
4104 1 2595 17474794876
4104 1 2594 17454600585
4104 1 2593 17434421858
4104 1 2592 17414258689
4104 1 2591 17394111072
4104 1 2590 17373979001
4104 1 2589 17353862470
4104 1 2588 17333761473
4104 1 2587 17313676004
4104 1 2586 17293606057
4104 1 2585 17273551626
4104 1 2584 17253512705
4104 1 2583 17233489288
4104 1 2582 17213481369
4104 1 2581 17193488942
4104 1 2580 17173512001
4104 1 2579 17153550540
4104 1 2578 17133604553
4104 1 2577 17113674034
4104 1 2576 17093758977
4104 1 2575 17073859376
4104 1 2574 17053975225
4104 1 2573 17034106518
4104 1 2572 17014253249
4104 1 2571 16994415412
4104 1 2570 16974593001
4104 1 2569 16954786010
4104 1 2568 16934994433
4104 1 2567 16915218264
4104 1 2566 16895457497
4104 1 2565 16875712126
4104 1 2564 16855982145
4104 1 2563 16836267548
4104 1 2562 16816568329
4104 1 2561 16796884482
4104 1 2560 16777216001
4104 1 2559 16757562880
4104 1 2558 16737925113
4104 1 2557 16718302694
4104 1 2556 16698695617
4104 1 2555 16679103876
4104 1 2554 16659527465
4104 1 2553 16639966378
4104 1 2552 16620420609
4104 1 2551 16600890152
4104 1 2550 16581375001
4104 1 2549 16561875150
4104 1 2548 16542390593
4104 1 2547 16522921324
4104 1 2546 16503467337
4104 1 2545 16484028626
4104 1 2544 16464605185
4104 1 2543 16445197008
4104 1 2542 16425804089
4104 1 2541 16406426422
4104 1 2540 16387064001
4104 1 2539 16367716820
4104 1 2538 16348384873
4104 1 2537 16329068154
4104 1 2536 16309766657
4104 1 2535 16290480376
4104 1 2534 16271209305
4104 1 2533 16251953438
4104 1 2532 16232712769
4104 1 2531 16213487292
4104 1 2530 16194277001
4104 1 2529 16175081890
4104 1 2528 16155901953
4104 1 2527 16136737184
4104 1 2526 16117587577
4104 1 2525 16098453126
4104 1 2524 16079333825
4104 1 2523 16060229668
4104 1 2522 16041140649
4104 1 2521 16022066762
4104 1 2520 16003008001
4104 1 2519 15983964360
4104 1 2518 15964935833
4104 1 2517 15945922414
4104 1 2516 15926924097
4104 1 2515 15907940876
4104 1 2514 15888972745
4104 1 2513 15870019698
4104 1 2512 15851081729
4104 1 2511 15832158832
4104 1 2510 15813251001
4104 1 2509 15794358230
4104 1 2508 15775480513
4104 1 2507 15756617844
4104 1 2506 15737770217
4104 1 2505 15718937626
4104 1 2504 15700120065
4104 1 2503 15681317528
4104 1 2502 15662530009
4104 1 2501 15643757502
4104 1 2500 15625000001
4104 1 2499 15606257500
4104 1 2498 15587529993
4104 1 2497 15568817474
4104 1 2496 15550119937
4104 1 2495 15531437376
4104 1 2494 15512769785
4104 1 2493 15494117158
4104 1 2492 15475479489
4104 1 2491 15456856772
4104 1 2490 15438249001
4104 1 2489 15419656170
4104 1 2488 15401078273
4104 1 2487 15382515304
4104 1 2486 15363967257
4104 1 2485 15345434126
4104 1 2484 15326915905
4104 1 2483 15308412588
4104 1 2482 15289924169
4104 1 2481 15271450642
4104 1 2480 15252992001
4104 1 2479 15234548240
4104 1 2478 15216119353
4104 1 2477 15197705334
4104 1 2476 15179306177
4104 1 2475 15160921876
4104 1 2474 15142552425
4104 1 2473 15124197818
4104 1 2472 15105858049
4104 1 2471 15087533112
4104 1 2470 15069223001
4104 1 2469 15050927710
4104 1 2468 15032647233
4104 1 2467 15014381564
4104 1 2466 14996130697
4104 1 2465 14977894626
4104 1 2464 14959673345
4104 1 2463 14941466848
4104 1 2462 14923275129
4104 1 2461 14905098182
4104 1 2460 14886936001
4104 1 2459 14868788580
4104 1 2458 14850655913
4104 1 2457 14832537994
4104 1 2456 14814434817
4104 1 2455 14796346376
4104 1 2454 14778272665
4104 1 2453 14760213678
4104 1 2452 14742169409
4104 1 2451 14724139852
4104 1 2450 14706125001
4104 1 2449 14688124850
4104 1 2448 14670139393
4104 1 2447 14652168624
4104 1 2446 14634212537
4104 1 2445 14616271126
4104 1 2444 14598344385
4104 1 2443 14580432308
4104 1 2442 14562534889
4104 1 2441 14544652122
4104 1 2440 14526784001
4104 1 2439 14508930520
4104 1 2438 14491091673
4104 1 2437 14473267454
4104 1 2436 14455457857
4104 1 2435 14437662876
4104 1 2434 14419882505
4104 1 2433 14402116738
4104 1 2432 14384365569
4104 1 2431 14366628992
4104 1 2430 14348907001
4104 1 2429 14331199590
4104 1 2428 14313506753
4104 1 2427 14295828484
4104 1 2426 14278164777
4104 1 2425 14260515626
4104 1 2424 14242881025
4104 1 2423 14225260968
4104 1 2422 14207655449
4104 1 2421 14190064462
4104 1 2420 14172488001
4104 1 2419 14154926060
4104 1 2418 14137378633
4104 1 2417 14119845714
4104 1 2416 14102327297
4104 1 2415 14084823376
4104 1 2414 14067333945
4104 1 2413 14049858998
4104 1 2412 14032398529
4104 1 2411 14014952532
4104 1 2410 13997521001
4104 1 2409 13980103930
4104 1 2408 13962701313
4104 1 2407 13945313144
4104 1 2406 13927939417
4104 1 2405 13910580126
4104 1 2404 13893235265
4104 1 2403 13875904828
4104 1 2402 13858588809
4104 1 2401 13841287202
4104 1 2400 13824000001
4104 1 2399 13806727200
4104 1 2398 13789468793
4104 1 2397 13772224774
4104 1 2396 13754995137
4104 1 2395 13737779876
4104 1 2394 13720578985
4104 1 2393 13703392458
4104 1 2392 13686220289
4104 1 2391 13669062472
4104 1 2390 13651919001
4104 1 2389 13634789870
4104 1 2388 13617675073
4104 1 2387 13600574604
4104 1 2386 13583488457
4104 1 2385 13566416626
4104 1 2384 13549359105
4104 1 2383 13532315888
4104 1 2382 13515286969
4104 1 2381 13498272342
4104 1 2380 13481272001
4104 1 2379 13464285940
4104 1 2378 13447314153
4104 1 2377 13430356634
4104 1 2376 13413413377
4104 1 2375 13396484376
4104 1 2374 13379569625
4104 1 2373 13362669118
4104 1 2372 13345782849
4104 1 2371 13328910812
4104 1 2370 13312053001
4104 1 2369 13295209410
4104 1 2368 13278380033
4104 1 2367 13261564864
4104 1 2366 13244763897
4104 1 2365 13227977126
4104 1 2364 13211204545
4104 1 2363 13194446148
4104 1 2362 13177701929
4104 1 2361 13160971882
4104 1 2360 13144256001
4104 1 2359 13127554280
4104 1 2358 13110866713
4104 1 2357 13094193294
4104 1 2356 13077534017
4104 1 2355 13060888876
4104 1 2354 13044257865
4104 1 2353 13027640978
4104 1 2352 13011038209
4104 1 2351 12994449552
4104 1 2350 12977875001
4104 1 2349 12961314550
4104 1 2348 12944768193
4104 1 2347 12928235924
4104 1 2346 12911717737
4104 1 2345 12895213626
4104 1 2344 12878723585
4104 1 2343 12862247608
4104 1 2342 12845785689
4104 1 2341 12829337822
4104 1 2340 12812904001
4104 1 2339 12796484220
4104 1 2338 12780078473
4104 1 2337 12763686754
4104 1 2336 12747309057
4104 1 2335 12730945376
4104 1 2334 12714595705
4104 1 2333 12698260038
4104 1 2332 12681938369
4104 1 2331 12665630692
4104 1 2330 12649337001
4104 1 2329 12633057290
4104 1 2328 12616791553
4104 1 2327 12600539784
4104 1 2326 12584301977
4104 1 2325 12568078126
4104 1 2324 12551868225
4104 1 2323 12535672268
4104 1 2322 12519490249
4104 1 2321 12503322162
4104 1 2320 12487168001
4104 1 2319 12471027760
4104 1 2318 12454901433
4104 1 2317 12438789014
4104 1 2316 12422690497
4104 1 2315 12406605876
4104 1 2314 12390535145
4104 1 2313 12374478298
4104 1 2312 12358435329
4104 1 2311 12342406232
4104 1 2310 12326391001
4104 1 2309 12310389630
4104 1 2308 12294402113
4104 1 2307 12278428444
4104 1 2306 12262468617
4104 1 2305 12246522626
4104 1 2304 12230590465
4104 1 2303 12214672128
4104 1 2302 12198767609
4104 1 2301 12182876902
4104 1 2300 12167000001
4104 1 2299 12151136900
4104 1 2298 12135287593
4104 1 2297 12119452074
4104 1 2296 12103630337
4104 1 2295 12087822376
4104 1 2294 12072028185
4104 1 2293 12056247758
4104 1 2292 12040481089
4104 1 2291 12024728172
4104 1 2290 12008989001
4104 1 2289 11993263570
4104 1 2288 11977551873
4104 1 2287 11961853904
4104 1 2286 11946169657
4104 1 2285 11930499126
4104 1 2284 11914842305
4104 1 2283 11899199188
4104 1 2282 11883569769
4104 1 2281 11867954042
4104 1 2280 11852352001
4104 1 2279 11836763640
4104 1 2278 11821188953
4104 1 2277 11805627934
4104 1 2276 11790080577
4104 1 2275 11774546876
4104 1 2274 11759026825
4104 1 2273 11743520418
4104 1 2272 11728027649
4104 1 2271 11712548512
4104 1 2270 11697083001
4104 1 2269 11681631110
4104 1 2268 11666192833
4104 1 2267 11650768164
4104 1 2266 11635357097
4104 1 2265 11619959626
4104 1 2264 11604575745
4104 1 2263 11589205448
4104 1 2262 11573848729
4104 1 2261 11558505582
4104 1 2260 11543176001
4104 1 2259 11527859980
4104 1 2258 11512557513
4104 1 2257 11497268594
4104 1 2256 11481993217
4104 1 2255 11466731376
4104 1 2254 11451483065
4104 1 2253 11436248278
4104 1 2252 11421027009
4104 1 2251 11405819252
4104 1 2250 11390625001
4104 1 2249 11375444250
4104 1 2248 11360276993
4104 1 2247 11345123224
4104 1 2246 11329982937
4104 1 2245 11314856126
4104 1 2244 11299742785
4104 1 2243 11284642908
4104 1 2242 11269556489
4104 1 2241 11254483522
4104 1 2240 11239424001
4104 1 2239 11224377920
4104 1 2238 11209345273
4104 1 2237 11194326054
4104 1 2236 11179320257
4104 1 2235 11164327876
4104 1 2234 11149348905
4104 1 2233 11134383338
4104 1 2232 11119431169
4104 1 2231 11104492392
4104 1 2230 11089567001
4104 1 2229 11074654990
4104 1 2228 11059756353
4104 1 2227 11044871084
4104 1 2226 11029999177
4104 1 2225 11015140626
4104 1 2224 11000295425
4104 1 2223 10985463568
4104 1 2222 10970645049
4104 1 2221 10955839862
4104 1 2220 10941048001
4104 1 2219 10926269460
4104 1 2218 10911504233
4104 1 2217 10896752314
4104 1 2216 10882013697
4104 1 2215 10867288376
4104 1 2214 10852576345
4104 1 2213 10837877598
4104 1 2212 10823192129
4104 1 2211 10808519932
4104 1 2210 10793861001
4104 1 2209 10779215330
4104 1 2208 10764582913
4104 1 2207 10749963744
4104 1 2206 10735357817
4104 1 2205 10720765126
4104 1 2204 10706185665
4104 1 2203 10691619428
4104 1 2202 10677066409
4104 1 2201 10662526602
4104 1 2200 10648000001
4104 1 2199 10633486600
4104 1 2198 10618986393
4104 1 2197 10604499374
4104 1 2196 10590025537
4104 1 2195 10575564876
4104 1 2194 10561117385
4104 1 2193 10546683058
4104 1 2192 10532261889
4104 1 2191 10517853872
4104 1 2190 10503459001
4104 1 2189 10489077270
4104 1 2188 10474708673
4104 1 2187 10460353204
4104 1 2186 10446010857
4104 1 2185 10431681626
4104 1 2184 10417365505
4104 1 2183 10403062488
4104 1 2182 10388772569
4104 1 2181 10374495742
4104 1 2180 10360232001
4104 1 2179 10345981340
4104 1 2178 10331743753
4104 1 2177 10317519234
4104 1 2176 10303307777
4104 1 2175 10289109376
4104 1 2174 10274924025
4104 1 2173 10260751718
4104 1 2172 10246592449
4104 1 2171 10232446212
4104 1 2170 10218313001
4104 1 2169 10204192810
4104 1 2168 10190085633
4104 1 2167 10175991464
4104 1 2166 10161910297
4104 1 2165 10147842126
4104 1 2164 10133786945
4104 1 2163 10119744748
4104 1 2162 10105715529
4104 1 2161 10091699282
4104 1 2160 10077696001
4104 1 2159 10063705680
4104 1 2158 10049728313
4104 1 2157 10035763894
4104 1 2156 10021812417
4104 1 2155 10007873876
4104 1 2154 9993948265
4104 1 2153 9980035578
4104 1 2152 9966135809
4104 1 2151 9952248952
4104 1 2150 9938375001
4104 1 2149 9924513950
4104 1 2148 9910665793
4104 1 2147 9896830524
4104 1 2146 9883008137
4104 1 2145 9869198626
4104 1 2144 9855401985
4104 1 2143 9841618208
4104 1 2142 9827847289
4104 1 2141 9814089222
4104 1 2140 9800344001
4104 1 2139 9786611620
4104 1 2138 9772892073
4104 1 2137 9759185354
4104 1 2136 9745491457
4104 1 2135 9731810376
4104 1 2134 9718142105
4104 1 2133 9704486638
4104 1 2132 9690843969
4104 1 2131 9677214092
4104 1 2130 9663597001
4104 1 2129 9649992690
4104 1 2128 9636401153
4104 1 2127 9622822384
4104 1 2126 9609256377
4104 1 2125 9595703126
4104 1 2124 9582162625
4104 1 2123 9568634868
4104 1 2122 9555119849
4104 1 2121 9541617562
4104 1 2120 9528128001
4104 1 2119 9514651160
4104 1 2118 9501187033
4104 1 2117 9487735614
4104 1 2116 9474296897
4104 1 2115 9460870876
4104 1 2114 9447457545
4104 1 2113 9434056898
4104 1 2112 9420668929
4104 1 2111 9407293632
4104 1 2110 9393931001
4104 1 2109 9380581030
4104 1 2108 9367243713
4104 1 2107 9353919044
4104 1 2106 9340607017
4104 1 2105 9327307626
4104 1 2104 9314020865
4104 1 2103 9300746728
4104 1 2102 9287485209
4104 1 2101 9274236302
4104 1 2100 9261000001
4104 1 2099 9247776300
4104 1 2098 9234565193
4104 1 2097 9221366674
4104 1 2096 9208180737
4104 1 2095 9195007376
4104 1 2094 9181846585
4104 1 2093 9168698358
4104 1 2092 9155562689
4104 1 2091 9142439572
4104 1 2090 9129329001
4104 1 2089 9116230970
4104 1 2088 9103145473
4104 1 2087 9090072504
4104 1 2086 9077012057
4104 1 2085 9063964126
4104 1 2084 9050928705
4104 1 2083 9037905788
4104 1 2082 9024895369
4104 1 2081 9011897442
4104 1 2080 8998912001
4104 1 2079 8985939040
4104 1 2078 8972978553
4104 1 2077 8960030534
4104 1 2076 8947094977
4104 1 2075 8934171876
4104 1 2074 8921261225
4104 1 2073 8908363018
4104 1 2072 8895477249
4104 1 2071 8882603912
4104 1 2070 8869743001
4104 1 2069 8856894510
4104 1 2068 8844058433
4104 1 2067 8831234764
4104 1 2066 8818423497
4104 1 2065 8805624626
4104 1 2064 8792838145
4104 1 2063 8780064048
4104 1 2062 8767302329
4104 1 2061 8754552982
4104 1 2060 8741816001
4104 1 2059 8729091380
4104 1 2058 8716379113
4104 1 2057 8703679194
4104 1 2056 8690991617
4104 1 2055 8678316376
4104 1 2054 8665653465
4104 1 2053 8653002878
4104 1 2052 8640364609
4104 1 2051 8627738652
4104 1 2050 8615125001
4104 1 2049 8602523650
4104 1 2048 8589934593
4104 1 2047 8577357824
4104 1 2046 8564793337
4104 1 2045 8552241126
4104 1 2044 8539701185
4104 1 2043 8527173508
4104 1 2042 8514658089
4104 1 2041 8502154922
4104 1 2040 8489664001
4104 1 2039 8477185320
4104 1 2038 8464718873
4104 1 2037 8452264654
4104 1 2036 8439822657
4104 1 2035 8427392876
4104 1 2034 8414975305
4104 1 2033 8402569938
4104 1 2032 8390176769
4104 1 2031 8377795792
4104 1 2030 8365427001
4104 1 2029 8353070390
4104 1 2028 8340725953
4104 1 2027 8328393684
4104 1 2026 8316073577
4104 1 2025 8303765626
4104 1 2024 8291469825
4104 1 2023 8279186168
4104 1 2022 8266914649
4104 1 2021 8254655262
4104 1 2020 8242408001
4104 1 2019 8230172860
4104 1 2018 8217949833
4104 1 2017 8205738914
4104 1 2016 8193540097
4104 1 2015 8181353376
4104 1 2014 8169178745
4104 1 2013 8157016198
4104 1 2012 8144865729
4104 1 2011 8132727332
4104 1 2010 8120601001
4104 1 2009 8108486730
4104 1 2008 8096384513
4104 1 2007 8084294344
4104 1 2006 8072216217
4104 1 2005 8060150126
4104 1 2004 8048096065
4104 1 2003 8036054028
4104 1 2002 8024024009
4104 1 2001 8012006002
4104 1 2000 8000000001
4104 1 1999 7988006000
4104 1 1998 7976023993
4104 1 1997 7964053974
4104 1 1996 7952095937
4104 1 1995 7940149876
4104 1 1994 7928215785
4104 1 1993 7916293658
4104 1 1992 7904383489
4104 1 1991 7892485272
4104 1 1990 7880599001
4104 1 1989 7868724670
4104 1 1988 7856862273
4104 1 1987 7845011804
4104 1 1986 7833173257
4104 1 1985 7821346626
4104 1 1984 7809531905
4104 1 1983 7797729088
4104 1 1982 7785938169
4104 1 1981 7774159142
4104 1 1980 7762392001
4104 1 1979 7750636740
4104 1 1978 7738893353
4104 1 1977 7727161834
4104 1 1976 7715442177
4104 1 1975 7703734376
4104 1 1974 7692038425
4104 1 1973 7680354318
4104 1 1972 7668682049
4104 1 1971 7657021612
4104 1 1970 7645373001
4104 1 1969 7633736210
4104 1 1968 7622111233
4104 1 1967 7610498064
4104 1 1966 7598896697
4104 1 1965 7587307126
4104 1 1964 7575729345
4104 1 1963 7564163348
4104 1 1962 7552609129
4104 1 1961 7541066682
4104 1 1960 7529536001
4104 1 1959 7518017080
4104 1 1958 7506509913
4104 1 1957 7495014494
4104 1 1956 7483530817
4104 1 1955 7472058876
4104 1 1954 7460598665
4104 1 1953 7449150178
4104 1 1952 7437713409
4104 1 1951 7426288352
4104 1 1950 7414875001
4104 1 1949 7403473350
4104 1 1948 7392083393
4104 1 1947 7380705124
4104 1 1946 7369338537
4104 1 1945 7357983626
4104 1 1944 7346640385
4104 1 1943 7335308808
4104 1 1942 7323988889
4104 1 1941 7312680622
4104 1 1940 7301384001
4104 1 1939 7290099020
4104 1 1938 7278825673
4104 1 1937 7267563954
4104 1 1936 7256313857
4104 1 1935 7245075376
4104 1 1934 7233848505
4104 1 1933 7222633238
4104 1 1932 7211429569
4104 1 1931 7200237492
4104 1 1930 7189057001
4104 1 1929 7177888090
4104 1 1928 7166730753
4104 1 1927 7155584984
4104 1 1926 7144450777
4104 1 1925 7133328126
4104 1 1924 7122217025
4104 1 1923 7111117468
4104 1 1922 7100029449
4104 1 1921 7088952962
4104 1 1920 7077888001
4104 1 1919 7066834560
4104 1 1918 7055792633
4104 1 1917 7044762214
4104 1 1916 7033743297
4104 1 1915 7022735876
4104 1 1914 7011739945
4104 1 1913 7000755498
4104 1 1912 6989782529
4104 1 1911 6978821032
4104 1 1910 6967871001
4104 1 1909 6956932430
4104 1 1908 6946005313
4104 1 1907 6935089644
4104 1 1906 6924185417
4104 1 1905 6913292626
4104 1 1904 6902411265
4104 1 1903 6891541328
4104 1 1902 6880682809
4104 1 1901 6869835702
4104 1 1900 6859000001
4104 1 1899 6848175700
4104 1 1898 6837362793
4104 1 1897 6826561274
4104 1 1896 6815771137
4104 1 1895 6804992376
4104 1 1894 6794224985
4104 1 1893 6783468958
4104 1 1892 6772724289
4104 1 1891 6761990972
4104 1 1890 6751269001
4104 1 1889 6740558370
4104 1 1888 6729859073
4104 1 1887 6719171104
4104 1 1886 6708494457
4104 1 1885 6697829126
4104 1 1884 6687175105
4104 1 1883 6676532388
4104 1 1882 6665900969
4104 1 1881 6655280842
4104 1 1880 6644672001
4104 1 1879 6634074440
4104 1 1878 6623488153
4104 1 1877 6612913134
4104 1 1876 6602349377
4104 1 1875 6591796876
4104 1 1874 6581255625
4104 1 1873 6570725618
4104 1 1872 6560206849
4104 1 1871 6549699312
4104 1 1870 6539203001
4104 1 1869 6528717910
4104 1 1868 6518244033
4104 1 1867 6507781364
4104 1 1866 6497329897
4104 1 1865 6486889626
4104 1 1864 6476460545
4104 1 1863 6466042648
4104 1 1862 6455635929
4104 1 1861 6445240382
4104 1 1860 6434856001
4104 1 1859 6424482780
4104 1 1858 6414120713
4104 1 1857 6403769794
4104 1 1856 6393430017
4104 1 1855 6383101376
4104 1 1854 6372783865
4104 1 1853 6362477478
4104 1 1852 6352182209
4104 1 1851 6341898052
4104 1 1850 6331625001
4104 1 1849 6321363050
4104 1 1848 6311112193
4104 1 1847 6300872424
4104 1 1846 6290643737
4104 1 1845 6280426126
4104 1 1844 6270219585
4104 1 1843 6260024108
4104 1 1842 6249839689
4104 1 1841 6239666322
4104 1 1840 6229504001
4104 1 1839 6219352720
4104 1 1838 6209212473
4104 1 1837 6199083254
4104 1 1836 6188965057
4104 1 1835 6178857876
4104 1 1834 6168761705
4104 1 1833 6158676538
4104 1 1832 6148602369
4104 1 1831 6138539192
4104 1 1830 6128487001
4104 1 1829 6118445790
4104 1 1828 6108415553
4104 1 1827 6098396284
4104 1 1826 6088387977
4104 1 1825 6078390626
4104 1 1824 6068404225
4104 1 1823 6058428768
4104 1 1822 6048464249
4104 1 1821 6038510662
4104 1 1820 6028568001
4104 1 1819 6018636260
4104 1 1818 6008715433
4104 1 1817 5998805514
4104 1 1816 5988906497
4104 1 1815 5979018376
4104 1 1814 5969141145
4104 1 1813 5959274798
4104 1 1812 5949419329
4104 1 1811 5939574732
4104 1 1810 5929741001
4104 1 1809 5919918130
4104 1 1808 5910106113
4104 1 1807 5900304944
4104 1 1806 5890514617
4104 1 1805 5880735126
4104 1 1804 5870966465
4104 1 1803 5861208628
4104 1 1802 5851461609
4104 1 1801 5841725402
4104 1 1800 5832000001
4104 1 1799 5822285400
4104 1 1798 5812581593
4104 1 1797 5802888574
4104 1 1796 5793206337
4104 1 1795 5783534876
4104 1 1794 5773874185
4104 1 1793 5764224258
4104 1 1792 5754585089
4104 1 1791 5744956672
4104 1 1790 5735339001
4104 1 1789 5725732070
4104 1 1788 5716135873
4104 1 1787 5706550404
4104 1 1786 5696975657
4104 1 1785 5687411626
4104 1 1784 5677858305
4104 1 1783 5668315688
4104 1 1782 5658783769
4104 1 1781 5649262542
4104 1 1780 5639752001
4104 1 1779 5630252140
4104 1 1778 5620762953
4104 1 1777 5611284434
4104 1 1776 5601816577
4104 1 1775 5592359376
4104 1 1774 5582912825
4104 1 1773 5573476918
4104 1 1772 5564051649
4104 1 1771 5554637012
4104 1 1770 5545233001
4104 1 1769 5535839610
4104 1 1768 5526456833
4104 1 1767 5517084664
4104 1 1766 5507723097
4104 1 1765 5498372126
4104 1 1764 5489031745
4104 1 1763 5479701948
4104 1 1762 5470382729
4104 1 1761 5461074082
4104 1 1760 5451776001
4104 1 1759 5442488480
4104 1 1758 5433211513
4104 1 1757 5423945094
4104 1 1756 5414689217
4104 1 1755 5405443876
4104 1 1754 5396209065
4104 1 1753 5386984778
4104 1 1752 5377771009
4104 1 1751 5368567752
4104 1 1750 5359375001
4104 1 1749 5350192750
4104 1 1748 5341020993
4104 1 1747 5331859724
4104 1 1746 5322708937
4104 1 1745 5313568626
4104 1 1744 5304438785
4104 1 1743 5295319408
4104 1 1742 5286210489
4104 1 1741 5277112022
4104 1 1740 5268024001
4104 1 1739 5258946420
4104 1 1738 5249879273
4104 1 1737 5240822554
4104 1 1736 5231776257
4104 1 1735 5222740376
4104 1 1734 5213714905
4104 1 1733 5204699838
4104 1 1732 5195695169
4104 1 1731 5186700892
4104 1 1730 5177717001
4104 1 1729 5168743490
4104 1 1728 5159780353
4104 1 1727 5150827584
4104 1 1726 5141885177
4104 1 1725 5132953126
4104 1 1724 5124031425
4104 1 1723 5115120068
4104 1 1722 5106219049
4104 1 1721 5097328362
4104 1 1720 5088448001
4104 1 1719 5079577960
4104 1 1718 5070718233
4104 1 1717 5061868814
4104 1 1716 5053029697
4104 1 1715 5044200876
4104 1 1714 5035382345
4104 1 1713 5026574098
4104 1 1712 5017776129
4104 1 1711 5008988432
4104 1 1710 5000211001
4104 1 1709 4991443830
4104 1 1708 4982686913
4104 1 1707 4973940244
4104 1 1706 4965203817
4104 1 1705 4956477626
4104 1 1704 4947761665
4104 1 1703 4939055928
4104 1 1702 4930360409
4104 1 1701 4921675102
4104 1 1700 4913000001
4104 1 1699 4904335100
4104 1 1698 4895680393
4104 1 1697 4887035874
4104 1 1696 4878401537
4104 1 1695 4869777376
4104 1 1694 4861163385
4104 1 1693 4852559558
4104 1 1692 4843965889
4104 1 1691 4835382372
4104 1 1690 4826809001
4104 1 1689 4818245770
4104 1 1688 4809692673
4104 1 1687 4801149704
4104 1 1686 4792616857
4104 1 1685 4784094126
4104 1 1684 4775581505
4104 1 1683 4767078988
4104 1 1682 4758586569
4104 1 1681 4750104242
4104 1 1680 4741632001
4104 1 1679 4733169840
4104 1 1678 4724717753
4104 1 1677 4716275734
4104 1 1676 4707843777
4104 1 1675 4699421876
4104 1 1674 4691010025
4104 1 1673 4682608218
4104 1 1672 4674216449
4104 1 1671 4665834712
4104 1 1670 4657463001
4104 1 1669 4649101310
4104 1 1668 4640749633
4104 1 1667 4632407964
4104 1 1666 4624076297
4104 1 1665 4615754626
4104 1 1664 4607442945
4104 1 1663 4599141248
4104 1 1662 4590849529
4104 1 1661 4582567782
4104 1 1660 4574296001
4104 1 1659 4566034180
4104 1 1658 4557782313
4104 1 1657 4549540394
4104 1 1656 4541308417
4104 1 1655 4533086376
4104 1 1654 4524874265
4104 1 1653 4516672078
4104 1 1652 4508479809
4104 1 1651 4500297452
4104 1 1650 4492125001
4104 1 1649 4483962450
4104 1 1648 4475809793
4104 1 1647 4467667024
4104 1 1646 4459534137
4104 1 1645 4451411126
4104 1 1644 4443297985
4104 1 1643 4435194708
4104 1 1642 4427101289
4104 1 1641 4419017722
4104 1 1640 4410944001
4104 1 1639 4402880120
4104 1 1638 4394826073
4104 1 1637 4386781854
4104 1 1636 4378747457
4104 1 1635 4370722876
4104 1 1634 4362708105
4104 1 1633 4354703138
4104 1 1632 4346707969
4104 1 1631 4338722592
4104 1 1630 4330747001
4104 1 1629 4322781190
4104 1 1628 4314825153
4104 1 1627 4306878884
4104 1 1626 4298942377
4104 1 1625 4291015626
4104 1 1624 4283098625
4104 1 1623 4275191368
4104 1 1622 4267293849
4104 1 1621 4259406062
4104 1 1620 4251528001
4104 1 1619 4243659660
4104 1 1618 4235801033
4104 1 1617 4227952114
4104 1 1616 4220112897
4104 1 1615 4212283376
4104 1 1614 4204463545
4104 1 1613 4196653398
4104 1 1612 4188852929
4104 1 1611 4181062132
4104 1 1610 4173281001
4104 1 1609 4165509530
4104 1 1608 4157747713
4104 1 1607 4149995544
4104 1 1606 4142253017
4104 1 1605 4134520126
4104 1 1604 4126796865
4104 1 1603 4119083228
4104 1 1602 4111379209
4104 1 1601 4103684802
4104 1 1600 4096000001
4104 1 1599 4088324800
4104 1 1598 4080659193
4104 1 1597 4073003174
4104 1 1596 4065356737
4104 1 1595 4057719876
4104 1 1594 4050092585
4104 1 1593 4042474858
4104 1 1592 4034866689
4104 1 1591 4027268072
4104 1 1590 4019679001
4104 1 1589 4012099470
4104 1 1588 4004529473
4104 1 1587 3996969004
4104 1 1586 3989418057
4104 1 1585 3981876626
4104 1 1584 3974344705
4104 1 1583 3966822288
4104 1 1582 3959309369
4104 1 1581 3951805942
4104 1 1580 3944312001
4104 1 1579 3936827540
4104 1 1578 3929352553
4104 1 1577 3921887034
4104 1 1576 3914430977
4104 1 1575 3906984376
4104 1 1574 3899547225
4104 1 1573 3892119518
4104 1 1572 3884701249
4104 1 1571 3877292412
4104 1 1570 3869893001
4104 1 1569 3862503010
4104 1 1568 3855122433
4104 1 1567 3847751264
4104 1 1566 3840389497
4104 1 1565 3833037126
4104 1 1564 3825694145
4104 1 1563 3818360548
4104 1 1562 3811036329
4104 1 1561 3803721482
4104 1 1560 3796416001
4104 1 1559 3789119880
4104 1 1558 3781833113
4104 1 1557 3774555694
4104 1 1556 3767287617
4104 1 1555 3760028876
4104 1 1554 3752779465
4104 1 1553 3745539378
4104 1 1552 3738308609
4104 1 1551 3731087152
4104 1 1550 3723875001
4104 1 1549 3716672150
4104 1 1548 3709478593
4104 1 1547 3702294324
4104 1 1546 3695119337
4104 1 1545 3687953626
4104 1 1544 3680797185
4104 1 1543 3673650008
4104 1 1542 3666512089
4104 1 1541 3659383422
4104 1 1540 3652264001
4104 1 1539 3645153820
4104 1 1538 3638052873
4104 1 1537 3630961154
4104 1 1536 3623878657
4104 1 1535 3616805376
4104 1 1534 3609741305
4104 1 1533 3602686438
4104 1 1532 3595640769
4104 1 1531 3588604292
4104 1 1530 3581577001
4104 1 1529 3574558890
4104 1 1528 3567549953
4104 1 1527 3560550184
4104 1 1526 3553559577
4104 1 1525 3546578126
4104 1 1524 3539605825
4104 1 1523 3532642668
4104 1 1522 3525688649
4104 1 1521 3518743762
4104 1 1520 3511808001
4104 1 1519 3504881360
4104 1 1518 3497963833
4104 1 1517 3491055414
4104 1 1516 3484156097
4104 1 1515 3477265876
4104 1 1514 3470384745
4104 1 1513 3463512698
4104 1 1512 3456649729
4104 1 1511 3449795832
4104 1 1510 3442951001
4104 1 1509 3436115230
4104 1 1508 3429288513
4104 1 1507 3422470844
4104 1 1506 3415662217
4104 1 1505 3408862626
4104 1 1504 3402072065
4104 1 1503 3395290528
4104 1 1502 3388518009
4104 1 1501 3381754502
4104 1 1500 3375000001
4104 1 1499 3368254500
4104 1 1498 3361517993
4104 1 1497 3354790474
4104 1 1496 3348071937
4104 1 1495 3341362376
4104 1 1494 3334661785
4104 1 1493 3327970158
4104 1 1492 3321287489
4104 1 1491 3314613772
4104 1 1490 3307949001
4104 1 1489 3301293170
4104 1 1488 3294646273
4104 1 1487 3288008304
4104 1 1486 3281379257
4104 1 1485 3274759126
4104 1 1484 3268147905
4104 1 1483 3261545588
4104 1 1482 3254952169
4104 1 1481 3248367642
4104 1 1480 3241792001
4104 1 1479 3235225240
4104 1 1478 3228667353
4104 1 1477 3222118334
4104 1 1476 3215578177
4104 1 1475 3209046876
4104 1 1474 3202524425
4104 1 1473 3196010818
4104 1 1472 3189506049
4104 1 1471 3183010112
4104 1 1470 3176523001
4104 1 1469 3170044710
4104 1 1468 3163575233
4104 1 1467 3157114564
4104 1 1466 3150662697
4104 1 1465 3144219626
4104 1 1464 3137785345
4104 1 1463 3131359848
4104 1 1462 3124943129
4104 1 1461 3118535182
4104 1 1460 3112136001
4104 1 1459 3105745580
4104 1 1458 3099363913
4104 1 1457 3092990994
4104 1 1456 3086626817
4104 1 1455 3080271376
4104 1 1454 3073924665
4104 1 1453 3067586678
4104 1 1452 3061257409
4104 1 1451 3054936852
4104 1 1450 3048625001
4104 1 1449 3042321850
4104 1 1448 3036027393
4104 1 1447 3029741624
4104 1 1446 3023464537
4104 1 1445 3017196126
4104 1 1444 3010936385
4104 1 1443 3004685308
4104 1 1442 2998442889
4104 1 1441 2992209122
4104 1 1440 2985984001
4104 1 1439 2979767520
4104 1 1438 2973559673
4104 1 1437 2967360454
4104 1 1436 2961169857
4104 1 1435 2954987876
4104 1 1434 2948814505
4104 1 1433 2942649738
4104 1 1432 2936493569
4104 1 1431 2930345992
4104 1 1430 2924207001
4104 1 1429 2918076590
4104 1 1428 2911954753
4104 1 1427 2905841484
4104 1 1426 2899736777
4104 1 1425 2893640626
4104 1 1424 2887553025
4104 1 1423 2881473968
4104 1 1422 2875403449
4104 1 1421 2869341462
4104 1 1420 2863288001
4104 1 1419 2857243060
4104 1 1418 2851206633
4104 1 1417 2845178714
4104 1 1416 2839159297
4104 1 1415 2833148376
4104 1 1414 2827145945
4104 1 1413 2821151998
4104 1 1412 2815166529
4104 1 1411 2809189532
4104 1 1410 2803221001
4104 1 1409 2797260930
4104 1 1408 2791309313
4104 1 1407 2785366144
4104 1 1406 2779431417
4104 1 1405 2773505126
4104 1 1404 2767587265
4104 1 1403 2761677828
4104 1 1402 2755776809
4104 1 1401 2749884202
4104 1 1400 2744000001
4104 1 1399 2738124200
4104 1 1398 2732256793
4104 1 1397 2726397774
4104 1 1396 2720547137
4104 1 1395 2714704876
4104 1 1394 2708870985
4104 1 1393 2703045458
4104 1 1392 2697228289
4104 1 1391 2691419472
4104 1 1390 2685619001
4104 1 1389 2679826870
4104 1 1388 2674043073
4104 1 1387 2668267604
4104 1 1386 2662500457
4104 1 1385 2656741626
4104 1 1384 2650991105
4104 1 1383 2645248888
4104 1 1382 2639514969
4104 1 1381 2633789342
4104 1 1380 2628072001
4104 1 1379 2622362940
4104 1 1378 2616662153
4104 1 1377 2610969634
4104 1 1376 2605285377
4104 1 1375 2599609376
4104 1 1374 2593941625
4104 1 1373 2588282118
4104 1 1372 2582630849
4104 1 1371 2576987812
4104 1 1370 2571353001
4104 1 1369 2565726410
4104 1 1368 2560108033
4104 1 1367 2554497864
4104 1 1366 2548895897
4104 1 1365 2543302126
4104 1 1364 2537716545
4104 1 1363 2532139148
4104 1 1362 2526569929
4104 1 1361 2521008882
4104 1 1360 2515456001
4104 1 1359 2509911280
4104 1 1358 2504374713
4104 1 1357 2498846294
4104 1 1356 2493326017
4104 1 1355 2487813876
4104 1 1354 2482309865
4104 1 1353 2476813978
4104 1 1352 2471326209
4104 1 1351 2465846552
4104 1 1350 2460375001
4104 1 1349 2454911550
4104 1 1348 2449456193
4104 1 1347 2444008924
4104 1 1346 2438569737
4104 1 1345 2433138626
4104 1 1344 2427715585
4104 1 1343 2422300608
4104 1 1342 2416893689
4104 1 1341 2411494822
4104 1 1340 2406104001
4104 1 1339 2400721220
4104 1 1338 2395346473
4104 1 1337 2389979754
4104 1 1336 2384621057
4104 1 1335 2379270376
4104 1 1334 2373927705
4104 1 1333 2368593038
4104 1 1332 2363266369
4104 1 1331 2357947692
4104 1 1330 2352637001
4104 1 1329 2347334290
4104 1 1328 2342039553
4104 1 1327 2336752784
4104 1 1326 2331473977
4104 1 1325 2326203126
4104 1 1324 2320940225
4104 1 1323 2315685268
4104 1 1322 2310438249
4104 1 1321 2305199162
4104 1 1320 2299968001
4104 1 1319 2294744760
4104 1 1318 2289529433
4104 1 1317 2284322014
4104 1 1316 2279122497
4104 1 1315 2273930876
4104 1 1314 2268747145
4104 1 1313 2263571298
4104 1 1312 2258403329
4104 1 1311 2253243232
4104 1 1310 2248091001
4104 1 1309 2242946630
4104 1 1308 2237810113
4104 1 1307 2232681444
4104 1 1306 2227560617
4104 1 1305 2222447626
4104 1 1304 2217342465
4104 1 1303 2212245128
4104 1 1302 2207155609
4104 1 1301 2202073902
4104 1 1300 2197000001
4104 1 1299 2191933900
4104 1 1298 2186875593
4104 1 1297 2181825074
4104 1 1296 2176782337
4104 1 1295 2171747376
4104 1 1294 2166720185
4104 1 1293 2161700758
4104 1 1292 2156689089
4104 1 1291 2151685172
4104 1 1290 2146689001
4104 1 1289 2141700570
4104 1 1288 2136719873
4104 1 1287 2131746904
4104 1 1286 2126781657
4104 1 1285 2121824126
4104 1 1284 2116874305
4104 1 1283 2111932188
4104 1 1282 2106997769
4104 1 1281 2102071042
4104 1 1280 2097152001
4104 1 1279 2092240640
4104 1 1278 2087336953
4104 1 1277 2082440934
4104 1 1276 2077552577
4104 1 1275 2072671876
4104 1 1274 2067798825
4104 1 1273 2062933418
4104 1 1272 2058075649
4104 1 1271 2053225512
4104 1 1270 2048383001
4104 1 1269 2043548110
4104 1 1268 2038720833
4104 1 1267 2033901164
4104 1 1266 2029089097
4104 1 1265 2024284626
4104 1 1264 2019487745
4104 1 1263 2014698448
4104 1 1262 2009916729
4104 1 1261 2005142582
4104 1 1260 2000376001
4104 1 1259 1995616980
4104 1 1258 1990865513
4104 1 1257 1986121594
4104 1 1256 1981385217
4104 1 1255 1976656376
4104 1 1254 1971935065
4104 1 1253 1967221278
4104 1 1252 1962515009
4104 1 1251 1957816252
4104 1 1250 1953125001
4104 1 1249 1948441250
4104 1 1248 1943764993
4104 1 1247 1939096224
4104 1 1246 1934434937
4104 1 1245 1929781126
4104 1 1244 1925134785
4104 1 1243 1920495908
4104 1 1242 1915864489
4104 1 1241 1911240522
4104 1 1240 1906624001
4104 1 1239 1902014920
4104 1 1238 1897413273
4104 1 1237 1892819054
4104 1 1236 1888232257
4104 1 1235 1883652876
4104 1 1234 1879080905
4104 1 1233 1874516338
4104 1 1232 1869959169
4104 1 1231 1865409392
4104 1 1230 1860867001
4104 1 1229 1856331990
4104 1 1228 1851804353
4104 1 1227 1847284084
4104 1 1226 1842771177
4104 1 1225 1838265626
4104 1 1224 1833767425
4104 1 1223 1829276568
4104 1 1222 1824793049
4104 1 1221 1820316862
4104 1 1220 1815848001
4104 1 1219 1811386460
4104 1 1218 1806932233
4104 1 1217 1802485314
4104 1 1216 1798045697
4104 1 1215 1793613376
4104 1 1214 1789188345
4104 1 1213 1784770598
4104 1 1212 1780360129
4104 1 1211 1775956932
4104 1 1210 1771561001
4104 1 1209 1767172330
4104 1 1208 1762790913
4104 1 1207 1758416744
4104 1 1206 1754049817
4104 1 1205 1749690126
4104 1 1204 1745337665
4104 1 1203 1740992428
4104 1 1202 1736654409
4104 1 1201 1732323602
4104 1 1200 1728000001
4104 1 1199 1723683600
4104 1 1198 1719374393
4104 1 1197 1715072374
4104 1 1196 1710777537
4104 1 1195 1706489876
4104 1 1194 1702209385
4104 1 1193 1697936058
4104 1 1192 1693669889
4104 1 1191 1689410872
4104 1 1190 1685159001
4104 1 1189 1680914270
4104 1 1188 1676676673
4104 1 1187 1672446204
4104 1 1186 1668222857
4104 1 1185 1664006626
4104 1 1184 1659797505
4104 1 1183 1655595488
4104 1 1182 1651400569
4104 1 1181 1647212742
4104 1 1180 1643032001
4104 1 1179 1638858340
4104 1 1178 1634691753
4104 1 1177 1630532234
4104 1 1176 1626379777
4104 1 1175 1622234376
4104 1 1174 1618096025
4104 1 1173 1613964718
4104 1 1172 1609840449
4104 1 1171 1605723212
4104 1 1170 1601613001
4104 1 1169 1597509810
4104 1 1168 1593413633
4104 1 1167 1589324464
4104 1 1166 1585242297
4104 1 1165 1581167126
4104 1 1164 1577098945
4104 1 1163 1573037748
4104 1 1162 1568983529
4104 1 1161 1564936282
4104 1 1160 1560896001
4104 1 1159 1556862680
4104 1 1158 1552836313
4104 1 1157 1548816894
4104 1 1156 1544804417
4104 1 1155 1540798876
4104 1 1154 1536800265
4104 1 1153 1532808578
4104 1 1152 1528823809
4104 1 1151 1524845952
4104 1 1150 1520875001
4104 1 1149 1516910950
4104 1 1148 1512953793
4104 1 1147 1509003524
4104 1 1146 1505060137
4104 1 1145 1501123626
4104 1 1144 1497193985
4104 1 1143 1493271208
4104 1 1142 1489355289
4104 1 1141 1485446222
4104 1 1140 1481544001
4104 1 1139 1477648620
4104 1 1138 1473760073
4104 1 1137 1469878354
4104 1 1136 1466003457
4104 1 1135 1462135376
4104 1 1134 1458274105
4104 1 1133 1454419638
4104 1 1132 1450571969
4104 1 1131 1446731092
4104 1 1130 1442897001
4104 1 1129 1439069690
4104 1 1128 1435249153
4104 1 1127 1431435384
4104 1 1126 1427628377
4104 1 1125 1423828126
4104 1 1124 1420034625
4104 1 1123 1416247868
4104 1 1122 1412467849
4104 1 1121 1408694562
4104 1 1120 1404928001
4104 1 1119 1401168160
4104 1 1118 1397415033
4104 1 1117 1393668614
4104 1 1116 1389928897
4104 1 1115 1386195876
4104 1 1114 1382469545
4104 1 1113 1378749898
4104 1 1112 1375036929
4104 1 1111 1371330632
4104 1 1110 1367631001
4104 1 1109 1363938030
4104 1 1108 1360251713
4104 1 1107 1356572044
4104 1 1106 1352899017
4104 1 1105 1349232626
4104 1 1104 1345572865
4104 1 1103 1341919728
4104 1 1102 1338273209
4104 1 1101 1334633302
4104 1 1100 1331000001
4104 1 1099 1327373300
4104 1 1098 1323753193
4104 1 1097 1320139674
4104 1 1096 1316532737
4104 1 1095 1312932376
4104 1 1094 1309338585
4104 1 1093 1305751358
4104 1 1092 1302170689
4104 1 1091 1298596572
4104 1 1090 1295029001
4104 1 1089 1291467970
4104 1 1088 1287913473
4104 1 1087 1284365504
4104 1 1086 1280824057
4104 1 1085 1277289126
4104 1 1084 1273760705
4104 1 1083 1270238788
4104 1 1082 1266723369
4104 1 1081 1263214442
4104 1 1080 1259712001
4104 1 1079 1256216040
4104 1 1078 1252726553
4104 1 1077 1249243534
4104 1 1076 1245766977
4104 1 1075 1242296876
4104 1 1074 1238833225
4104 1 1073 1235376018
4104 1 1072 1231925249
4104 1 1071 1228480912
4104 1 1070 1225043001
4104 1 1069 1221611510
4104 1 1068 1218186433
4104 1 1067 1214767764
4104 1 1066 1211355497
4104 1 1065 1207949626
4104 1 1064 1204550145
4104 1 1063 1201157048
4104 1 1062 1197770329
4104 1 1061 1194389982
4104 1 1060 1191016001
4104 1 1059 1187648380
4104 1 1058 1184287113
4104 1 1057 1180932194
4104 1 1056 1177583617
4104 1 1055 1174241376
4104 1 1054 1170905465
4104 1 1053 1167575878
4104 1 1052 1164252609
4104 1 1051 1160935652
4104 1 1050 1157625001
4104 1 1049 1154320650
4104 1 1048 1151022593
4104 1 1047 1147730824
4104 1 1046 1144445337
4104 1 1045 1141166126
4104 1 1044 1137893185
4104 1 1043 1134626508
4104 1 1042 1131366089
4104 1 1041 1128111922
4104 1 1040 1124864001
4104 1 1039 1121622320
4104 1 1038 1118386873
4104 1 1037 1115157654
4104 1 1036 1111934657
4104 1 1035 1108717876
4104 1 1034 1105507305
4104 1 1033 1102302938
4104 1 1032 1099104769
4104 1 1031 1095912792
4104 1 1030 1092727001
4104 1 1029 1089547390
4104 1 1028 1086373953
4104 1 1027 1083206684
4104 1 1026 1080045577
4104 1 1025 1076890626
4104 1 1024 1073741825
4104 1 1023 1070599168
4104 1 1022 1067462649
4104 1 1021 1064332262
4104 1 1020 1061208001
4104 1 1019 1058089860
4104 1 1018 1054977833
4104 1 1017 1051871914
4104 1 1016 1048772097
4104 1 1015 1045678376
4104 1 1014 1042590745
4104 1 1013 1039509198
4104 1 1012 1036433729
4104 1 1011 1033364332
4104 1 1010 1030301001
4104 1 1009 1027243730
4104 1 1008 1024192513
4104 1 1007 1021147344
4104 1 1006 1018108217
4104 1 1005 1015075126
4104 1 1004 1012048065
4104 1 1003 1009027028
4104 1 1002 1006012009
4104 1 1001 1003003002
4104 1 1000 1000000001
4104 1 999 997003000
4104 1 998 994011993
4104 1 997 991026974
4104 1 996 988047937
4104 1 995 985074876
4104 1 994 982107785
4104 1 993 979146658
4104 1 992 976191489
4104 1 991 973242272
4104 1 990 970299001
4104 1 989 967361670
4104 1 988 964430273
4104 1 987 961504804
4104 1 986 958585257
4104 1 985 955671626
4104 1 984 952763905
4104 1 983 949862088
4104 1 982 946966169
4104 1 981 944076142
4104 1 980 941192001
4104 1 979 938313740
4104 1 978 935441353
4104 1 977 932574834
4104 1 976 929714177
4104 1 975 926859376
4104 1 974 924010425
4104 1 973 921167318
4104 1 972 918330049
4104 1 971 915498612
4104 1 970 912673001
4104 1 969 909853210
4104 1 968 907039233
4104 1 967 904231064
4104 1 966 901428697
4104 1 965 898632126
4104 1 964 895841345
4104 1 963 893056348
4104 1 962 890277129
4104 1 961 887503682
4104 1 960 884736001
4104 1 959 881974080
4104 1 958 879217913
4104 1 957 876467494
4104 1 956 873722817
4104 1 955 870983876
4104 1 954 868250665
4104 1 953 865523178
4104 1 952 862801409
4104 1 951 860085352
4104 1 950 857375001
4104 1 949 854670350
4104 1 948 851971393
4104 1 947 849278124
4104 1 946 846590537
4104 1 945 843908626
4104 1 944 841232385
4104 1 943 838561808
4104 1 942 835896889
4104 1 941 833237622
4104 1 940 830584001
4104 1 939 827936020
4104 1 938 825293673
4104 1 937 822656954
4104 1 936 820025857
4104 1 935 817400376
4104 1 934 814780505
4104 1 933 812166238
4104 1 932 809557569
4104 1 931 806954492
4104 1 930 804357001
4104 1 929 801765090
4104 1 928 799178753
4104 1 927 796597984
4104 1 926 794022777
4104 1 925 791453126
4104 1 924 788889025
4104 1 923 786330468
4104 1 922 783777449
4104 1 921 781229962
4104 1 920 778688001
4104 1 919 776151560
4104 1 918 773620633
4104 1 917 771095214
4104 1 916 768575297
4104 1 915 766060876
4104 1 914 763551945
4104 1 913 761048498
4104 1 912 758550529
4104 1 911 756058032
4104 1 910 753571001
4104 1 909 751089430
4104 1 908 748613313
4104 1 907 746142644
4104 1 906 743677417
4104 1 905 741217626
4104 1 904 738763265
4104 1 903 736314328
4104 1 902 733870809
4104 1 901 731432702
4104 1 900 729000001
4104 1 899 726572700
4104 1 898 724150793
4104 1 897 721734274
4104 1 896 719323137
4104 1 895 716917376
4104 1 894 714516985
4104 1 893 712121958
4104 1 892 709732289
4104 1 891 707347972
4104 1 890 704969001
4104 1 889 702595370
4104 1 888 700227073
4104 1 887 697864104
4104 1 886 695506457
4104 1 885 693154126
4104 1 884 690807105
4104 1 883 688465388
4104 1 882 686128969
4104 1 881 683797842
4104 1 880 681472001
4104 1 879 679151440
4104 1 878 676836153
4104 1 877 674526134
4104 1 876 672221377
4104 1 875 669921876
4104 1 874 667627625
4104 1 873 665338618
4104 1 872 663054849
4104 1 871 660776312
4104 1 870 658503001
4104 1 869 656234910
4104 1 868 653972033
4104 1 867 651714364
4104 1 866 649461897
4104 1 865 647214626
4104 1 864 644972545
4104 1 863 642735648
4104 1 862 640503929
4104 1 861 638277382
4104 1 860 636056001
4104 1 859 633839780
4104 1 858 631628713
4104 1 857 629422794
4104 1 856 627222017
4104 1 855 625026376
4104 1 854 622835865
4104 1 853 620650478
4104 1 852 618470209
4104 1 851 616295052
4104 1 850 614125001
4104 1 849 611960050
4104 1 848 609800193
4104 1 847 607645424
4104 1 846 605495737
4104 1 845 603351126
4104 1 844 601211585
4104 1 843 599077108
4104 1 842 596947689
4104 1 841 594823322
4104 1 840 592704001
4104 1 839 590589720
4104 1 838 588480473
4104 1 837 586376254
4104 1 836 584277057
4104 1 835 582182876
4104 1 834 580093705
4104 1 833 578009538
4104 1 832 575930369
4104 1 831 573856192
4104 1 830 571787001
4104 1 829 569722790
4104 1 828 567663553
4104 1 827 565609284
4104 1 826 563559977
4104 1 825 561515626
4104 1 824 559476225
4104 1 823 557441768
4104 1 822 555412249
4104 1 821 553387662
4104 1 820 551368001
4104 1 819 549353260
4104 1 818 547343433
4104 1 817 545338514
4104 1 816 543338497
4104 1 815 541343376
4104 1 814 539353145
4104 1 813 537367798
4104 1 812 535387329
4104 1 811 533411732
4104 1 810 531441001
4104 1 809 529475130
4104 1 808 527514113
4104 1 807 525557944
4104 1 806 523606617
4104 1 805 521660126
4104 1 804 519718465
4104 1 803 517781628
4104 1 802 515849609
4104 1 801 513922402
4104 1 800 512000001
4104 1 799 510082400
4104 1 798 508169593
4104 1 797 506261574
4104 1 796 504358337
4104 1 795 502459876
4104 1 794 500566185
4104 1 793 498677258
4104 1 792 496793089
4104 1 791 494913672
4104 1 790 493039001
4104 1 789 491169070
4104 1 788 489303873
4104 1 787 487443404
4104 1 786 485587657
4104 1 785 483736626
4104 1 784 481890305
4104 1 783 480048688
4104 1 782 478211769
4104 1 781 476379542
4104 1 780 474552001
4104 1 779 472729140
4104 1 778 470910953
4104 1 777 469097434
4104 1 776 467288577
4104 1 775 465484376
4104 1 774 463684825
4104 1 773 461889918
4104 1 772 460099649
4104 1 771 458314012
4104 1 770 456533001
4104 1 769 454756610
4104 1 768 452984833
4104 1 767 451217664
4104 1 766 449455097
4104 1 765 447697126
4104 1 764 445943745
4104 1 763 444194948
4104 1 762 442450729
4104 1 761 440711082
4104 1 760 438976001
4104 1 759 437245480
4104 1 758 435519513
4104 1 757 433798094
4104 1 756 432081217
4104 1 755 430368876
4104 1 754 428661065
4104 1 753 426957778
4104 1 752 425259009
4104 1 751 423564752
4104 1 750 421875001
4104 1 749 420189750
4104 1 748 418508993
4104 1 747 416832724
4104 1 746 415160937
4104 1 745 413493626
4104 1 744 411830785
4104 1 743 410172408
4104 1 742 408518489
4104 1 741 406869022
4104 1 740 405224001
4104 1 739 403583420
4104 1 738 401947273
4104 1 737 400315554
4104 1 736 398688257
4104 1 735 397065376
4104 1 734 395446905
4104 1 733 393832838
4104 1 732 392223169
4104 1 731 390617892
4104 1 730 389017001
4104 1 729 387420490
4104 1 728 385828353
4104 1 727 384240584
4104 1 726 382657177
4104 1 725 381078126
4104 1 724 379503425
4104 1 723 377933068
4104 1 722 376367049
4104 1 721 374805362
4104 1 720 373248001
4104 1 719 371694960
4104 1 718 370146233
4104 1 717 368601814
4104 1 716 367061697
4104 1 715 365525876
4104 1 714 363994345
4104 1 713 362467098
4104 1 712 360944129
4104 1 711 359425432
4104 1 710 357911001
4104 1 709 356400830
4104 1 708 354894913
4104 1 707 353393244
4104 1 706 351895817
4104 1 705 350402626
4104 1 704 348913665
4104 1 703 347428928
4104 1 702 345948409
4104 1 701 344472102
4104 1 700 343000001
4104 1 699 341532100
4104 1 698 340068393
4104 1 697 338608874
4104 1 696 337153537
4104 1 695 335702376
4104 1 694 334255385
4104 1 693 332812558
4104 1 692 331373889
4104 1 691 329939372
4104 1 690 328509001
4104 1 689 327082770
4104 1 688 325660673
4104 1 687 324242704
4104 1 686 322828857
4104 1 685 321419126
4104 1 684 320013505
4104 1 683 318611988
4104 1 682 317214569
4104 1 681 315821242
4104 1 680 314432001
4104 1 679 313046840
4104 1 678 311665753
4104 1 677 310288734
4104 1 676 308915777
4104 1 675 307546876
4104 1 674 306182025
4104 1 673 304821218
4104 1 672 303464449
4104 1 671 302111712
4104 1 670 300763001
4104 1 669 299418310
4104 1 668 298077633
4104 1 667 296740964
4104 1 666 295408297
4104 1 665 294079626
4104 1 664 292754945
4104 1 663 291434248
4104 1 662 290117529
4104 1 661 288804782
4104 1 660 287496001
4104 1 659 286191180
4104 1 658 284890313
4104 1 657 283593394
4104 1 656 282300417
4104 1 655 281011376
4104 1 654 279726265
4104 1 653 278445078
4104 1 652 277167809
4104 1 651 275894452
4104 1 650 274625001
4104 1 649 273359450
4104 1 648 272097793
4104 1 647 270840024
4104 1 646 269586137
4104 1 645 268336126
4104 1 644 267089985
4104 1 643 265847708
4104 1 642 264609289
4104 1 641 263374722
4104 1 640 262144001
4104 1 639 260917120
4104 1 638 259694073
4104 1 637 258474854
4104 1 636 257259457
4104 1 635 256047876
4104 1 634 254840105
4104 1 633 253636138
4104 1 632 252435969
4104 1 631 251239592
4104 1 630 250047001
4104 1 629 248858190
4104 1 628 247673153
4104 1 627 246491884
4104 1 626 245314377
4104 1 625 244140626
4104 1 624 242970625
4104 1 623 241804368
4104 1 622 240641849
4104 1 621 239483062
4104 1 620 238328001
4104 1 619 237176660
4104 1 618 236029033
4104 1 617 234885114
4104 1 616 233744897
4104 1 615 232608376
4104 1 614 231475545
4104 1 613 230346398
4104 1 612 229220929
4104 1 611 228099132
4104 1 610 226981001
4104 1 609 225866530
4104 1 608 224755713
4104 1 607 223648544
4104 1 606 222545017
4104 1 605 221445126
4104 1 604 220348865
4104 1 603 219256228
4104 1 602 218167209
4104 1 601 217081802
4104 1 600 216000001
4104 1 599 214921800
4104 1 598 213847193
4104 1 597 212776174
4104 1 596 211708737
4104 1 595 210644876
4104 1 594 209584585
4104 1 593 208527858
4104 1 592 207474689
4104 1 591 206425072
4104 1 590 205379001
4104 1 589 204336470
4104 1 588 203297473
4104 1 587 202262004
4104 1 586 201230057
4104 1 585 200201626
4104 1 584 199176705
4104 1 583 198155288
4104 1 582 197137369
4104 1 581 196122942
4104 1 580 195112001
4104 1 579 194104540
4104 1 578 193100553
4104 1 577 192100034
4104 1 576 191102977
4104 1 575 190109376
4104 1 574 189119225
4104 1 573 188132518
4104 1 572 187149249
4104 1 571 186169412
4104 1 570 185193001
4104 1 569 184220010
4104 1 568 183250433
4104 1 567 182284264
4104 1 566 181321497
4104 1 565 180362126
4104 1 564 179406145
4104 1 563 178453548
4104 1 562 177504329
4104 1 561 176558482
4104 1 560 175616001
4104 1 559 174676880
4104 1 558 173741113
4104 1 557 172808694
4104 1 556 171879617
4104 1 555 170953876
4104 1 554 170031465
4104 1 553 169112378
4104 1 552 168196609
4104 1 551 167284152
4104 1 550 166375001
4104 1 549 165469150
4104 1 548 164566593
4104 1 547 163667324
4104 1 546 162771337
4104 1 545 161878626
4104 1 544 160989185
4104 1 543 160103008
4104 1 542 159220089
4104 1 541 158340422
4104 1 540 157464001
4104 1 539 156590820
4104 1 538 155720873
4104 1 537 154854154
4104 1 536 153990657
4104 1 535 153130376
4104 1 534 152273305
4104 1 533 151419438
4104 1 532 150568769
4104 1 531 149721292
4104 1 530 148877001
4104 1 529 148035890
4104 1 528 147197953
4104 1 527 146363184
4104 1 526 145531577
4104 1 525 144703126
4104 1 524 143877825
4104 1 523 143055668
4104 1 522 142236649
4104 1 521 141420762
4104 1 520 140608001
4104 1 519 139798360
4104 1 518 138991833
4104 1 517 138188414
4104 1 516 137388097
4104 1 515 136590876
4104 1 514 135796745
4104 1 513 135005698
4104 1 512 134217729
4104 1 511 133432832
4104 1 510 132651001
4104 1 509 131872230
4104 1 508 131096513
4104 1 507 130323844
4104 1 506 129554217
4104 1 505 128787626
4104 1 504 128024065
4104 1 503 127263528
4104 1 502 126506009
4104 1 501 125751502
4104 1 500 125000001
4104 1 499 124251500
4104 1 498 123505993
4104 1 497 122763474
4104 1 496 122023937
4104 1 495 121287376
4104 1 494 120553785
4104 1 493 119823158
4104 1 492 119095489
4104 1 491 118370772
4104 1 490 117649001
4104 1 489 116930170
4104 1 488 116214273
4104 1 487 115501304
4104 1 486 114791257
4104 1 485 114084126
4104 1 484 113379905
4104 1 483 112678588
4104 1 482 111980169
4104 1 481 111284642
4104 1 480 110592001
4104 1 479 109902240
4104 1 478 109215353
4104 1 477 108531334
4104 1 476 107850177
4104 1 475 107171876
4104 1 474 106496425
4104 1 473 105823818
4104 1 472 105154049
4104 1 471 104487112
4104 1 470 103823001
4104 1 469 103161710
4104 1 468 102503233
4104 1 467 101847564
4104 1 466 101194697
4104 1 465 100544626
4104 1 464 99897345
4104 1 463 99252848
4104 1 462 98611129
4104 1 461 97972182
4104 1 460 97336001
4104 1 459 96702580
4104 1 458 96071913
4104 1 457 95443994
4104 1 456 94818817
4104 1 455 94196376
4104 1 454 93576665
4104 1 453 92959678
4104 1 452 92345409
4104 1 451 91733852
4104 1 450 91125001
4104 1 449 90518850
4104 1 448 89915393
4104 1 447 89314624
4104 1 446 88716537
4104 1 445 88121126
4104 1 444 87528385
4104 1 443 86938308
4104 1 442 86350889
4104 1 441 85766122
4104 1 440 85184001
4104 1 439 84604520
4104 1 438 84027673
4104 1 437 83453454
4104 1 436 82881857
4104 1 435 82312876
4104 1 434 81746505
4104 1 433 81182738
4104 1 432 80621569
4104 1 431 80062992
4104 1 430 79507001
4104 1 429 78953590
4104 1 428 78402753
4104 1 427 77854484
4104 1 426 77308777
4104 1 425 76765626
4104 1 424 76225025
4104 1 423 75686968
4104 1 422 75151449
4104 1 421 74618462
4104 1 420 74088001
4104 1 419 73560060
4104 1 418 73034633
4104 1 417 72511714
4104 1 416 71991297
4104 1 415 71473376
4104 1 414 70957945
4104 1 413 70444998
4104 1 412 69934529
4104 1 411 69426532
4104 1 410 68921001
4104 1 409 68417930
4104 1 408 67917313
4104 1 407 67419144
4104 1 406 66923417
4104 1 405 66430126
4104 1 404 65939265
4104 1 403 65450828
4104 1 402 64964809
4104 1 401 64481202
4104 1 400 64000001
4104 1 399 63521200
4104 1 398 63044793
4104 1 397 62570774
4104 1 396 62099137
4104 1 395 61629876
4104 1 394 61162985
4104 1 393 60698458
4104 1 392 60236289
4104 1 391 59776472
4104 1 390 59319001
4104 1 389 58863870
4104 1 388 58411073
4104 1 387 57960604
4104 1 386 57512457
4104 1 385 57066626
4104 1 384 56623105
4104 1 383 56181888
4104 1 382 55742969
4104 1 381 55306342
4104 1 380 54872001
4104 1 379 54439940
4104 1 378 54010153
4104 1 377 53582634
4104 1 376 53157377
4104 1 375 52734376
4104 1 374 52313625
4104 1 373 51895118
4104 1 372 51478849
4104 1 371 51064812
4104 1 370 50653001
4104 1 369 50243410
4104 1 368 49836033
4104 1 367 49430864
4104 1 366 49027897
4104 1 365 48627126
4104 1 364 48228545
4104 1 363 47832148
4104 1 362 47437929
4104 1 361 47045882
4104 1 360 46656001
4104 1 359 46268280
4104 1 358 45882713
4104 1 357 45499294
4104 1 356 45118017
4104 1 355 44738876
4104 1 354 44361865
4104 1 353 43986978
4104 1 352 43614209
4104 1 351 43243552
4104 1 350 42875001
4104 1 349 42508550
4104 1 348 42144193
4104 1 347 41781924
4104 1 346 41421737
4104 1 345 41063626
4104 1 344 40707585
4104 1 343 40353608
4104 1 342 40001689
4104 1 341 39651822
4104 1 340 39304001
4104 1 339 38958220
4104 1 338 38614473
4104 1 337 38272754
4104 1 336 37933057
4104 1 335 37595376
4104 1 334 37259705
4104 1 333 36926038
4104 1 332 36594369
4104 1 331 36264692
4104 1 330 35937001
4104 1 329 35611290
4104 1 328 35287553
4104 1 327 34965784
4104 1 326 34645977
4104 1 325 34328126
4104 1 324 34012225
4104 1 323 33698268
4104 1 322 33386249
4104 1 321 33076162
4104 1 320 32768001
4104 1 319 32461760
4104 1 318 32157433
4104 1 317 31855014
4104 1 316 31554497
4104 1 315 31255876
4104 1 314 30959145
4104 1 313 30664298
4104 1 312 30371329
4104 1 311 30080232
4104 1 310 29791001
4104 1 309 29503630
4104 1 308 29218113
4104 1 307 28934444
4104 1 306 28652617
4104 1 305 28372626
4104 1 304 28094465
4104 1 303 27818128
4104 1 302 27543609
4104 1 301 27270902
4104 1 300 27000001
4104 1 299 26730900
4104 1 298 26463593
4104 1 297 26198074
4104 1 296 25934337
4104 1 295 25672376
4104 1 294 25412185
4104 1 293 25153758
4104 1 292 24897089
4104 1 291 24642172
4104 1 290 24389001
4104 1 289 24137570
4104 1 288 23887873
4104 1 287 23639904
4104 1 286 23393657
4104 1 285 23149126
4104 1 284 22906305
4104 1 283 22665188
4104 1 282 22425769
4104 1 281 22188042
4104 1 280 21952001
4104 1 279 21717640
4104 1 278 21484953
4104 1 277 21253934
4104 1 276 21024577
4104 1 275 20796876
4104 1 274 20570825
4104 1 273 20346418
4104 1 272 20123649
4104 1 271 19902512
4104 1 270 19683001
4104 1 269 19465110
4104 1 268 19248833
4104 1 267 19034164
4104 1 266 18821097
4104 1 265 18609626
4104 1 264 18399745
4104 1 263 18191448
4104 1 262 17984729
4104 1 261 17779582
4104 1 260 17576001
4104 1 259 17373980
4104 1 258 17173513
4104 1 257 16974594
4104 1 256 16777217
4104 1 255 16581376
4104 1 254 16387065
4104 1 253 16194278
4104 1 252 16003009
4104 1 251 15813252
4104 1 250 15625001
4104 1 249 15438250
4104 1 248 15252993
4104 1 247 15069224
4104 1 246 14886937
4104 1 245 14706126
4104 1 244 14526785
4104 1 243 14348908
4104 1 242 14172489
4104 1 241 13997522
4104 1 240 13824001
4104 1 239 13651920
4104 1 238 13481273
4104 1 237 13312054
4104 1 236 13144257
4104 1 235 12977876
4104 1 234 12812905
4104 1 233 12649338
4104 1 232 12487169
4104 1 231 12326392
4104 1 230 12167001
4104 1 229 12008990
4104 1 228 11852353
4104 1 227 11697084
4104 1 226 11543177
4104 1 225 11390626
4104 1 224 11239425
4104 1 223 11089568
4104 1 222 10941049
4104 1 221 10793862
4104 1 220 10648001
4104 1 219 10503460
4104 1 218 10360233
4104 1 217 10218314
4104 1 216 10077697
4104 1 215 9938376
4104 1 214 9800345
4104 1 213 9663598
4104 1 212 9528129
4104 1 211 9393932
4104 1 210 9261001
4104 1 209 9129330
4104 1 208 8998913
4104 1 207 8869744
4104 1 206 8741817
4104 1 205 8615126
4104 1 204 8489665
4104 1 203 8365428
4104 1 202 8242409
4104 1 201 8120602
4104 1 200 8000001
4104 1 199 7880600
4104 1 198 7762393
4104 1 197 7645374
4104 1 196 7529537
4104 1 195 7414876
4104 1 194 7301385
4104 1 193 7189058
4104 1 192 7077889
4104 1 191 6967872
4104 1 190 6859001
4104 1 189 6751270
4104 1 188 6644673
4104 1 187 6539204
4104 1 186 6434857
4104 1 185 6331626
4104 1 184 6229505
4104 1 183 6128488
4104 1 182 6028569
4104 1 181 5929742
4104 1 180 5832001
4104 1 179 5735340
4104 1 178 5639753
4104 1 177 5545234
4104 1 176 5451777
4104 1 175 5359376
4104 1 174 5268025
4104 1 173 5177718
4104 1 172 5088449
4104 1 171 5000212
4104 1 170 4913001
4104 1 169 4826810
4104 1 168 4741633
4104 1 167 4657464
4104 1 166 4574297
4104 1 165 4492126
4104 1 164 4410945
4104 1 163 4330748
4104 1 162 4251529
4104 1 161 4173282
4104 1 160 4096001
4104 1 159 4019680
4104 1 158 3944313
4104 1 157 3869894
4104 1 156 3796417
4104 1 155 3723876
4104 1 154 3652265
4104 1 153 3581578
4104 1 152 3511809
4104 1 151 3442952
4104 1 150 3375001
4104 1 149 3307950
4104 1 148 3241793
4104 1 147 3176524
4104 1 146 3112137
4104 1 145 3048626
4104 1 144 2985985
4104 1 143 2924208
4104 1 142 2863289
4104 1 141 2803222
4104 1 140 2744001
4104 1 139 2685620
4104 1 138 2628073
4104 1 137 2571354
4104 1 136 2515457
4104 1 135 2460376
4104 1 134 2406105
4104 1 133 2352638
4104 1 132 2299969
4104 1 131 2248092
4104 1 130 2197001
4104 1 129 2146690
4104 1 128 2097153
4104 1 127 2048384
4104 1 126 2000377
4104 1 125 1953126
4104 1 124 1906625
4104 1 123 1860868
4104 1 122 1815849
4104 1 121 1771562
4104 1 120 1728001
4104 1 119 1685160
4104 1 118 1643033
4104 1 117 1601614
4104 1 116 1560897
4104 1 115 1520876
4104 1 114 1481545
4104 1 113 1442898
4104 1 112 1404929
4104 1 111 1367632
4104 1 110 1331001
4104 1 109 1295030
4104 1 108 1259713
4104 1 107 1225044
4104 1 106 1191017
4104 1 105 1157626
4104 1 104 1124865
4104 1 103 1092728
4104 1 102 1061209
4104 1 101 1030302
4104 1 100 1000001
4104 1 99 970300
4104 1 98 941193
4104 1 97 912674
4104 1 96 884737
4104 1 95 857376
4104 1 94 830585
4104 1 93 804358
4104 1 92 778689
4104 1 91 753572
4104 1 90 729001
4104 1 89 704970
4104 1 88 681473
4104 1 87 658504
4104 1 86 636057
4104 1 85 614126
4104 1 84 592705
4104 1 83 571788
4104 1 82 551369
4104 1 81 531442
4104 1 80 512001
4104 1 79 493040
4104 1 78 474553
4104 1 77 456534
4104 1 76 438977
4104 1 75 421876
4104 1 74 405225
4104 1 73 389018
4104 1 72 373249
4104 1 71 357912
4104 1 70 343001
4104 1 69 328510
4104 1 68 314433
4104 1 67 300764
4104 1 66 287497
4104 1 65 274626
4104 1 64 262145
4104 1 63 250048
4104 1 62 238329
4104 1 61 226982
4104 1 60 216001
4104 1 59 205380
4104 1 58 195113
4104 1 57 185194
4104 1 56 175617
4104 1 55 166376
4104 1 54 157465
4104 1 53 148878
4104 1 52 140609
4104 1 51 132652
4104 1 50 125001
4104 1 49 117650
4104 1 48 110593
4104 1 47 103824
4104 1 46 97337
4104 1 45 91126
4104 1 44 85185
4104 1 43 79508
4104 1 42 74089
4104 1 41 68922
4104 1 40 64001
4104 1 39 59320
4104 1 38 54873
4104 1 37 50654
4104 1 36 46657
4104 1 35 42876
4104 1 34 39305
4104 1 33 35938
4104 1 32 32769
4104 1 31 29792
4104 1 30 27001
4104 1 29 24390
4104 1 28 21953
4104 1 27 19684
4104 1 26 17577
4104 1 25 15626
4104 1 24 13825
4104 1 23 12168
4104 1 22 10649
4104 1 21 9262
4104 1 20 8001
4104 1 19 6860
4104 1 18 5833
4104 1 17 4914
4104 1 16 4097
4104 2 16 4104
4104 2 16
4104 4 16 4160
4104 4 15 3439
4104 5 15 3500
4104 6 15 3591
4104 7 15 3718
4104 8 15 3887
4104 9 15 4104
4104 9 15
4104
